1 0.08046875 0.3875 0.0921875 0.06875
1 0.1 0.165625 0.090625 0.0859375
1 0.3234375 0.328125 0.078125 0.0546875
1 0.3546875 0.2953125 0.0765625 0.046875
1 0.34765625 0.2421875 0.0875 0.053125
1 0.33359375 0.16171875 0.08125 0.0609375
1 0.45546875 0.18515625 0.05625 0.065625
1 0.4640625 0.3046875 0.0578125 0.0421875
1 0.18828125 0.4796875 0.06875 0.046875
1 0.2765625 0.56953125 0.0671875 0.0453125
1 0.21171875 0.61640625 0.1140625 0.0671875
1 0.24453125 0.5125 0.0640625 0.0484375
1 0.253125 0.4625 0.0671875 0.0453125
1 0.33203125 0.5296875 0.059375 0.046875
1 0.3953125 0.4921875 0.0484375 0.0359375
1 0.4671875 0.371875 0.0609375 0.0375
1 0.43046875 0.56640625 0.0515625 0.0375
1 0.43203125 0.52890625 0.05 0.034375
1 0.4796875 0.49921875 0.0484375 0.0328125
1 0.51875 0.55390625 0.0390625 0.0359375
1 0.5703125 0.33203125 0.0375 0.028125
1 0.58359375 0.378125 0.04375 0.0265625
1 0.64140625 0.42734375 0.0671875 0.040625
1 0.6015625 0.35625 0.034375 0.028125
1 0.6171875 0.48203125 0.0328125 0.0265625