1 0.51484375 0.93359375 0.059375 0.0875
1 0.296875 0.96875 0.078125 0.0625
1 0.3875 0.71953125 0.046875 0.075
1 0.34609375 0.6984375 0.0390625 0.075
1 0.2984375 0.72109375 0.04375 0.084375
1 0.225 0.7578125 0.053125 0.0765625
1 0.2125 0.634375 0.0609375 0.05
1 0.3234375 0.59140625 0.0359375 0.05625
1 0.571875 0.80390625 0.0390625 0.065625
1 0.63125 0.69296875 0.0375 0.065625
1 0.6953125 0.74140625 0.05625 0.109375
1 0.58671875 0.73984375 0.0421875 0.0609375
1 0.53671875 0.746875 0.0375 0.065625
1 0.57734375 0.6515625 0.040625 0.05625
1 0.5234375 0.60234375 0.03125 0.0453125
1 0.38671875 0.56875 0.03125 0.0578125
1 0.584375 0.546875 0.0328125 0.0484375
1 0.54765625 0.55625 0.028125 0.046875
1 0.5046875 0.5203125 0.028125 0.0453125
1 0.5453125 0.46640625 0.0328125 0.0375
1 0.31875 0.48203125 0.025 0.0359375
1 0.35859375 0.45625 0.021875 0.0421875
1 0.3890625 0.3859375 0.0328125 0.0640625
1 0.3328125 0.44453125 0.025 0.0328125
1 0.4484375 0.39296875 0.025 0.0296875