1 0.47734375 0.93359375 0.05390625 0.0828125
1 0.25625 0.9609375 0.071875 0.078125
1 0.36875 0.70859375 0.04140625 0.071875
1 0.3296875 0.684375 0.0328125 0.07109375
1 0.2796875 0.70234375 0.03828125 0.08125
1 0.20390625 0.7328125 0.04609375 0.0734375
1 0.2015625 0.60859375 0.0578125 0.0453125
1 0.31640625 0.57578125 0.03046875 0.05234375
1 0.5453125 0.809375 0.034375 0.06328125
1 0.6140625 0.70390625 0.0328125 0.0625
1 0.6734375 0.7578125 0.046875 0.10546875
1 0.565625 0.746875 0.03828125 0.0578125
1 0.51484375 0.74921875 0.0328125 0.06171875
1 0.5640625 0.6578125 0.0359375 0.05234375
1 0.5140625 0.60390625 0.028125 0.04375
1 0.38125 0.55859375 0.0265625 0.05546875
1 0.5796875 0.55390625 0.02734375 0.046875
1 0.5421875 0.56015625 0.02578125 0.0453125
1 0.503125 0.5203125 0.02578125 0.04296875
1 0.5484375 0.4703125 0.0296875 0.034375
1 0.32109375 0.46640625 0.021875 0.034375
1 0.36328125 0.44375 0.01953125 0.04140625
1 0.39921875 0.3765625 0.028125 0.0625
1 0.33828125 0.43046875 0.021875 0.03203125
1 0.4578125 0.3890625 0.02265625 0.02734375