1 0.1578125 0.4453125 0.0890625 0.1
1 0.1375 0.925 0.275 0.13125
1 0.48671875 0.62265625 0.26875 0.20546875
1 0.740625 0.90390625 0.3609375 0.19140625
1 0.83671875 0.753125 0.30078125 0.19609375
1 0.89140625 0.32109375 0.071875 0.07890625
1 0.9484375 0.28984375 0.0609375 0.0671875
1 0.93515625 0.221875 0.04453125 0.05625
1 0.97734375 0.4234375 0.0453125 0.109375
1 0.42421875 0.4609375 0.059375 0.11171875
1 0.3015625 0.4578125 0.05546875 0.10625
1 0.36015625 0.41953125 0.08203125 0.10390625
1 0.4609375 0.409375 0.0890625 0.103125
1 0.703125 0.3625 0.12734375 0.23671875