1 0.15859375 0.4390625 0.090625 0.1015625
1 0.134375 0.91796875 0.26875 0.1359375
1 0.484375 0.62265625 0.271875 0.2109375
1 0.73359375 0.9046875 0.3640625 0.190625
1 0.83203125 0.75859375 0.303125 0.2015625
1 0.89453125 0.328125 0.0734375 0.0796875
1 0.95234375 0.29765625 0.0625 0.06875
1 0.93984375 0.2296875 0.0453125 0.05625
1 0.97734375 0.43125 0.0453125 0.109375
1 0.425 0.459375 0.0609375 0.1140625
1 0.30234375 0.4546875 0.0578125 0.1078125
1 0.36171875 0.4171875 0.0828125 0.1046875
1 0.4625 0.40859375 0.090625 0.1046875
1 0.70546875 0.36640625 0.1328125 0.2390625