1 0.38671875 0.82734375 0.1140625 0.1046875
1 0.85546875 0.89140625 0.1765625 0.2171875
1 0.61875 0.534375 0.25 0.3
1 0.90703125 0.33203125 0.1859375 0.3890625
1 0.8078125 0.2125 0.2453125 0.3296875
1 0.39140625 0.08359375 0.0890625 0.084375
1 0.37109375 0.02890625 0.0765625 0.0578125
1 0.3015625 0.025 0.0625 0.05
1 0.5078125 0.02421875 0.115625 0.0484375
1 0.4484375 0.56796875 0.121875 0.078125
1 0.42421875 0.68828125 0.1140625 0.0734375
1 0.39609375 0.6234375 0.115625 0.0984375
1 0.40390625 0.52265625 0.1171875 0.10625
1 0.4 0.27578125 0.25625 0.1671875