1 0.65078125 0.56015625 0.0828125 0.08125
1 0.16953125 0.66015625 0.0828125 0.109375
1 0.24921875 0.6765625 0.0703125 0.115625
1 0.31953125 0.63515625 0.065625 0.0984375
1 0.3796875 0.6203125 0.075 0.1234375
1 0.434375 0.61640625 0.0640625 0.1
1 0.51328125 0.60625 0.1359375 0.2609375
1 0.2609375 0.58125 0.0578125 0.0625
1 0.3234375 0.546875 0.046875 0.0703125
1 0.371875 0.528125 0.0546875 0.06875
1 0.42265625 0.53359375 0.0609375 0.08125
1 0.27734375 0.52734375 0.0609375 0.0625
1 0.3265625 0.48515625 0.053125 0.05625
1 0.19765625 0.5046875 0.096875 0.20625