1 0.6578125 0.53828125 0.0734375 0.071875
1 0.1953125 0.7046875 0.0703125 0.09921875
1 0.2765625 0.709375 0.05546875 0.10859375
1 0.33984375 0.659375 0.05390625 0.0921875
1 0.39765625 0.6359375 0.06015625 0.11484375
1 0.4515625 0.62421875 0.0515625 0.09453125
1 0.528125 0.603125 0.10234375 0.2484375
1 0.275 0.6140625 0.04921875 0.05546875
1 0.33203125 0.57109375 0.03828125 0.06640625
1 0.37734375 0.5453125 0.046875 0.06171875
1 0.428125 0.54375 0.0515625 0.07421875
1 0.28359375 0.5578125 0.05390625 0.05546875
1 0.3265625 0.509375 0.04609375 0.04921875
1 0.2015625 0.546875 0.0703125 0.1984375