1 0.46171875 0.6578125 0.071875 0.0734375
1 0.2953125 0.1953125 0.1 0.0703125
1 0.290625 0.2765625 0.109375 0.05625
1 0.340625 0.33984375 0.0921875 0.053125
1 0.3640625 0.39765625 0.115625 0.059375
1 0.37578125 0.4515625 0.09375 0.0515625
1 0.396875 0.528125 0.2484375 0.103125
1 0.3859375 0.275 0.05625 0.05
1 0.42890625 0.33203125 0.065625 0.0375
1 0.4546875 0.37734375 0.0625 0.046875
1 0.45625 0.428125 0.075 0.0515625
1 0.4421875 0.28359375 0.05625 0.053125
1 0.490625 0.3265625 0.05 0.046875
1 0.453125 0.2015625 0.1984375 0.0703125