2 0.8734375 0.24453125 0.1953125 0.3328125
2 0.89296875 0.63203125 0.15625 0.3234375
2 0.73984375 0.0984375 0.1671875 0.196875
2 0.746875 0.28828125 0.1703125 0.265625
2 0.7703125 0.64296875 0.1625 0.3453125
2 0.8234375 0.8828125 0.128125 0.15
2 0.6140625 0.11171875 0.1625 0.2234375
2 0.615625 0.3125 0.1640625 0.2703125
2 0.646875 0.64609375 0.1484375 0.3359375
2 0.70390625 0.89609375 0.128125 0.1640625
2 0.490625 0.11953125 0.14375 0.2390625
2 0.471875 0.334375 0.1671875 0.259375
2 0.55703125 0.6671875 0.146875 0.3234375
2 0.36875 0.14453125 0.1625 0.2703125
2 0.33515625 0.39921875 0.1625 0.309375
2 0.2484375 0.1546875 0.1453125 0.2484375
2 0.4796875 0.71015625 0.1484375 0.3125
2 0.33984375 0.6375 0.1375 0.2109375
2 0.35234375 0.8171875 0.1703125 0.190625
2 0.46328125 0.9375 0.1171875 0.125
2 0.58125 0.9171875 0.140625 0.165625
2 0.13828125 0.15546875 0.11875 0.2078125
2 0.1640625 0.409375 0.16875 0.328125
2 0.234375 0.72265625 0.146875 0.3234375
2 0.340625 0.9453125 0.121875 0.109375
2 0.06015625 0.4078125 0.1203125 0.303125
2 0.13828125 0.75078125 0.1578125 0.353125