2 0.31328125 0.0875 0.3125 0.14296875
2 0.6984375 0.1359375 0.3109375 0.10390625
2 0.11796875 0.18828125 0.2359375 0.12890625
2 0.334375 0.2203125 0.24609375 0.1296875
2 0.6875 0.25859375 0.33203125 0.10703125
2 0.93359375 0.24765625 0.1328125 0.10703125
2 0.1203125 0.31640625 0.23984375 0.121875
2 0.33515625 0.35390625 0.253125 0.121875
2 0.66953125 0.38046875 0.325 0.09375
2 0.92578125 0.36796875 0.1484375 0.1046875
2 0.11796875 0.4421875 0.2359375 0.1046875
2 0.33203125 0.49921875 0.24140625 0.12734375
2 0.67421875 0.47265625 0.3125 0.09296875
2 0.12734375 0.5671875 0.25390625 0.1203125
2 0.371875 0.64453125 0.29453125 0.11328125
2 0.11640625 0.6875 0.2328125 0.10625
2 0.703125 0.55625 0.30078125 0.0984375
2 0.6078125 0.68125 0.1953125 0.1046875
2 0.78671875 0.70078125 0.16796875 0.14453125
2 0.934375 0.61328125 0.13125 0.0953125
2 0.92578125 0.49296875 0.1484375 0.1171875
2 0.09765625 0.79609375 0.1953125 0.0859375
2 0.35234375 0.81484375 0.3125 0.11484375
2 0.6734375 0.8 0.3125 0.09453125
2 0.93125 0.7375 0.134375 0.1
2 0.33125 0.93125 0.290625 0.10078125
2 0.684375 0.9 0.340625 0.1