2 0.915625 0.3203125 0.1484375 0.315625
2 0.86015625 0.7046875 0.1078125 0.3125
2 0.81796875 0.1234375 0.1328125 0.2375
2 0.7828125 0.3390625 0.134375 0.2484375
2 0.73828125 0.69140625 0.1125 0.3328125
2 0.74453125 0.93515625 0.1078125 0.1296875
2 0.68984375 0.1234375 0.1265625 0.2421875
2 0.64921875 0.3375 0.1265625 0.2546875
2 0.61640625 0.671875 0.1 0.3265625
2 0.62421875 0.9265625 0.1078125 0.146875
2 0.56484375 0.11875 0.109375 0.2375
2 0.50390625 0.33203125 0.1328125 0.2421875
2 0.52421875 0.675 0.0984375 0.3140625
2 0.4390625 0.1265625 0.125 0.253125
2 0.3578125 0.36953125 0.1171875 0.2953125
2 0.31953125 0.11484375 0.1109375 0.2296875
2 0.43984375 0.70234375 0.103125 0.3015625
2 0.3171875 0.6046875 0.1078125 0.196875
2 0.29453125 0.7828125 0.146875 0.171875
2 0.37890625 0.93203125 0.096875 0.1328125
2 0.49921875 0.925 0.1203125 0.15
2 0.21015625 0.0953125 0.0890625 0.190625
2 0.1875 0.346875 0.1203125 0.3140625
2 0.196875 0.66796875 0.0984375 0.3140625
2 0.2546875 0.92734375 0.1015625 0.1359375
2 0.071875 0.3234375 0.1046875 0.2921875
2 0.096875 0.67734375 0.10625 0.3421875