1 0.190625 0.55234375 0.3546875 0.32109375
1 0.66953125 0.684375 0.41796875 0.50625
1 0.5078125 0.540625 0.19375 0.3140625
0 0.74140625 0.40546875 0.12890625 0.49375
0 0.59765625 0.32578125 0.11171875 0.30078125
0 0.21171875 0.3578125 0.12578125 0.32734375
1 0.16015625 0.371875 0.3203125 0.26875
1 0.34296875 0.3390625 0.1390625 0.18828125
1 0.4015625 0.31015625 0.0890625 0.134375
1 0.9734375 0.25 0.053125 0.10625
1 0.928125 0.24140625 0.04921875 0.103125
1 0.87109375 0.24453125 0.07109375 0.0765625