0 0.8 0.72578125 0.08359375 0.1859375
0 0.5515625 0.77265625 0.08203125 0.2015625
0 0.30234375 0.70234375 0.04765625 0.1359375
0 0.18828125 0.74921875 0.0640625 0.17890625
0 0.0609375 0.78046875 0.0609375 0.17109375
0 0.62421875 0.6421875 0.025 0.08828125
0 0.11640625 0.7046875 0.05078125 0.1296875
0 0.0421875 0.68046875 0.02734375 0.06796875
0 0.43671875 0.6265625 0.02109375 0.0453125
1 0.44453125 0.659375 0.046875 0.04140625
1 0.53359375 0.66953125 0.06171875 0.0484375
0 0.61328125 0.7125 0.0515625 0.1734375