1 0.06953125 0.3140625 0.1390625 0.2
1 0.346875 0.28359375 0.18203125 0.1796875
1 0.35703125 0.146875 0.1078125 0.11484375
1 0.74375 0.26484375 0.22421875 0.18046875
1 0.78125 0.16484375 0.16171875 0.1140625
1 0.52109375 0.7359375 0.14765625 0.196875
1 0.67734375 0.9 0.19375 0.2
1 0.60703125 0.69453125 0.140625 0.20625
1 0.73515625 0.61640625 0.146875 0.16953125
1 0.6171875 0.54609375 0.1234375 0.13203125
1 0.7234375 0.403125 0.10625 0.1265625
1 0.64453125 0.35546875 0.0984375 0.0984375
1 0.42421875 0.17734375 0.0421875 0.07109375
1 0.4875 0.140625 0.03125 0.0671875
1 0.42265625 0.82421875 0.30703125 0.35078125
0 0.48125 0.21484375 0.03046875 0.14375
0 0.546875 0.14375 0.02578125 0.09296875
0 0.6828125 0.11484375 0.03046875 0.115625
0 0.1703125 0.1015625 0.0203125 0.07578125
0 0.42265625 0.12890625 0.0296875 0.06640625
0 0.4890625 0.103125 0.0234375 0.05390625
0 0.51640625 0.13359375 0.01953125 0.0953125