1 0.321875 0.93125 0.203125 0.1375
1 0.2859375 0.65703125 0.1828125 0.184375
1 0.14921875 0.64921875 0.1171875 0.109375
1 0.2609375 0.26015625 0.184375 0.228125
1 0.16015625 0.225 0.1171875 0.1640625
1 0.73515625 0.475 0.2 0.15
1 0.896875 0.315625 0.203125 0.196875
1 0.69296875 0.38984375 0.209375 0.14375
1 0.6125 0.2625 0.171875 0.15
1 0.54375 0.38203125 0.1328125 0.125
1 0.39921875 0.278125 0.128125 0.1078125
1 0.353125 0.3578125 0.1 0.1
1 0.17890625 0.58125 0.071875 0.04375
1 0.140625 0.51875 0.0671875 0.0328125
1 0.82421875 0.571875 0.3515625 0.3125
0 0.21484375 0.5234375 0.14375 0.034375
0 0.14296875 0.459375 0.09375 0.0265625
0 0.11171875 0.32421875 0.115625 0.0328125
0 0.10703125 0.83671875 0.075 0.021875
0 0.13046875 0.58359375 0.065625 0.03125
0 0.103125 0.51796875 0.053125 0.025
0 0.13359375 0.48984375 0.0953125 0.0203125