1 0.3828125 0.934375 0.21875 0.13125
1 0.31015625 0.68515625 0.20625 0.2078125
1 0.1734375 0.69609375 0.13125 0.125
1 0.2296875 0.29609375 0.2140625 0.25
1 0.125 0.275 0.1375 0.178125
1 0.7296875 0.4421875 0.2171875 0.1765625
1 0.8671875 0.2625 0.228125 0.221875
1 0.67578125 0.3640625 0.225 0.171875
1 0.578125 0.24921875 0.1890625 0.171875
1 0.52734375 0.37734375 0.1484375 0.1421875
1 0.36953125 0.29453125 0.1421875 0.125
1 0.334375 0.3796875 0.1125 0.1125
1 0.19296875 0.625 0.078125 0.053125
1 0.146875 0.56875 0.071875 0.040625
1 0.8171875 0.52578125 0.365625 0.3578125
0 0.22109375 0.56328125 0.146875 0.053125
0 0.140625 0.509375 0.096875 0.0390625
0 0.090625 0.3796875 0.11875 0.0484375
0 0.1578125 0.88828125 0.0765625 0.03125
0 0.1453125 0.634375 0.06875 0.0390625
0 0.109375 0.57265625 0.05625 0.03125
0 0.13515625 0.54140625 0.096875 0.0328125