0 0.44765625 0.5015625 0.175 0.0796875
0 0.43203125 0.41796875 0.1546875 0.071875
0 0.4421875 0.4640625 0.1296875 0.0609375
0 0.4421875 0.26953125 0.1234375 0.06875
0 0.4046875 0.08046875 0.1390625 0.0703125
1 0.5984375 0.44296875 0.240625 0.2375
1 0.54140625 0.2484375 0.1578125 0.1703125
1 0.53828125 0.0578125 0.1640625 0.115625
1 0.51796875 0.56875 0.14375 0.1171875
1 0.5546875 0.8265625 0.1015625 0.115625
0 0.490625 0.859375 0.0984375 0.0546875
0 0.490625 0.82265625 0.09375 0.05625
1 0.41171875 0.746875 0.2140625 0.41875