1 0.546875 0.13046875 0.0734375 0.053125
0 0.5875 0.95625 0.0953125 0.0484375
0 0.57734375 0.8546875 0.0984375 0.04375
0 0.5 0.88046875 0.0453125 0.025
0 0.4203125 0.809375 0.06875 0.03125
0 0.43046875 0.7625 0.040625 0.0296875
0 0.4390625 0.215625 0.0484375 0.025
0 0.4046875 0.2625 0.0453125 0.021875
1 0.4609375 0.76328125 0.0453125 0.04375
1 0.53984375 0.85703125 0.1203125 0.1171875
0 0.44453125 0.88515625 0.0609375 0.0296875
1 0.36953125 0.66875 0.0546875 0.065625
1 0.34375 0.6328125 0.0390625 0.0390625
1 0.3265625 0.60703125 0.03125 0.0328125
1 0.31171875 0.575 0.03125 0.028125
1 0.325 0.5359375 0.034375 0.0296875
0 0.3765625 0.74296875 0.0453125 0.025