1 0.11171875 0.3078125 0.215625 0.1265625
1 0.10625 0.0484375 0.184375 0.096875
1 0.4203125 0.41484375 0.13125 0.0984375
1 0.4515625 0.86015625 0.1296875 0.0984375
1 0.54140625 0.82890625 0.0609375 0.0703125
1 0.49140625 0.8875 0.0953125 0.0828125
1 0.365625 0.75546875 0.0796875 0.05625
1 0.409375 0.6453125 0.0734375 0.0453125
1 0.5015625 0.68671875 0.0984375 0.059375
1 0.62421875 0.47734375 0.0546875 0.0421875
1 0.525 0.2140625 0.078125 0.0875
1 0.66953125 0.434375 0.1390625 0.0703125
1 0.5671875 0.69140625 0.046875 0.0515625
0 0.4171875 0.75703125 0.0546875 0.03125
0 0.45390625 0.6484375 0.0546875 0.0390625
0 0.53828125 0.16015625 0.0734375 0.028125