1 0.72109375 0.65 0.06953125 0.09921875
1 0.6296875 0.46953125 0.07421875 0.140625
1 0.37890625 0.80546875 0.1125 0.23828125
1 0.23828125 0.825 0.14453125 0.24609375
1 0.29765625 0.4453125 0.0875 0.146875
1 0.34609375 0.3703125 0.05078125 0.08046875
1 0.3828125 0.35078125 0.0546875 0.07265625
1 0.69375 0.47734375 0.05859375 0.08203125
1 0.2 0.5015625 0.0328125 0.04921875
1 0.22421875 0.55625 0.040625 0.04921875
1 0.240625 0.36484375 0.1484375 0.1703125
1 0.12890625 0.42734375 0.065625 0.08515625
0 0.97890625 0.83203125 0.0421875 0.121875
0 0.8609375 0.48125 0.0453125 0.10234375
0 0.79921875 0.39296875 0.028125 0.07890625
0 0.75078125 0.38359375 0.028125 0.07890625
1 0.525 0.2359375 0.0765625 0.11875
1 0.12578125 0.51640625 0.059375 0.08203125
1 0.065625 0.53125 0.05546875 0.0703125