1 0.43515625 0.63125 0.2609375 0.178125
1 0.0453125 0.46875 0.090625 0.075
1 0.06875 0.390625 0.0609375 0.0421875
1 0.19921875 0.49765625 0.1578125 0.1140625
1 0.48125 0.3890625 0.5953125 0.3171875
1 0.46796875 0.0765625 0.128125 0.0703125
1 0.18125 0.17734375 0.125 0.115625
1 0.3984375 0.1421875 0.115625 0.090625
1 0.37109375 0.24140625 0.1046875 0.09375
0 0.94453125 0.12421875 0.1109375 0.1078125
0 0.43359375 0.04375 0.175 0.078125
0 0.334375 0.028125 0.1265625 0.040625
0 0.34375 0.0625 0.134375 0.053125
0 0.19609375 0.2671875 0.121875 0.046875
0 0.2359375 0.17890625 0.0890625 0.0515625
0 0.32265625 0.125 0.0875 0.0453125
0 0.19609375 0.07578125 0.109375 0.046875