0 0.3015625 0.7671875 0.0484375 0.1703125
1 0.778125 0.58671875 0.26171875 0.4625
1 0.17578125 0.41796875 0.04140625 0.0578125
1 0.23515625 0.3703125 0.075 0.075
1 0.28671875 0.31953125 0.059375 0.0703125
1 0.31484375 0.2890625 0.04375 0.0546875
1 0.60859375 0.315625 0.04453125 0.05234375
1 0.6828125 0.3328125 0.07109375 0.0796875
1 0.846875 0.3578125 0.08359375 0.0828125
1 0.3609375 0.259375 0.03671875 0.03671875
1 0.0984375 0.6609375 0.0640625 0.07578125
1 0.1890625 0.5671875 0.05234375 0.06328125
0 0.97421875 0.39453125 0.02578125 0.06953125
0 0.09453125 0.60859375 0.04375 0.06796875
0 0.1859375 0.52578125 0.04609375 0.0625
0 0.053125 0.5203125 0.0390625 0.08984375
0 0.02890625 0.43515625 0.034375 0.08125
0 0.0109375 0.4984375 0.021875 0.0765625
0 0.16875 0.371875 0.02421875 0.0640625