0 0.32578125 0.78359375 0.0625 0.1734375
1 0.784375 0.5625 0.3015625 0.484375
1 0.16953125 0.446875 0.0453125 0.0609375
1 0.225 0.39375 0.08125 0.08125
1 0.271875 0.3390625 0.065625 0.075
1 0.296875 0.30625 0.0484375 0.0578125
1 0.5921875 0.30703125 0.0484375 0.05625
1 0.6671875 0.3171875 0.078125 0.0859375
1 0.8328125 0.328125 0.090625 0.090625
1 0.340625 0.27265625 0.040625 0.040625
1 0.1140625 0.6953125 0.0703125 0.0796875
1 0.19609375 0.59375 0.0578125 0.0671875
0 0.96328125 0.35390625 0.03125 0.0703125
0 0.10546875 0.64375 0.05 0.071875
0 0.1890625 0.553125 0.0515625 0.065625
0 0.05625 0.559375 0.046875 0.09375
0 0.025 0.4765625 0.040625 0.084375
0 0.01328125 0.540625 0.0265625 0.078125
0 0.15859375 0.4015625 0.03125 0.065625