1 0.46171875 0.80625 0.1609375 0.2171875
1 0.2546875 0.67421875 0.103125 0.1375
1 0.434375 0.49609375 0.0765625 0.0890625
1 0.165625 0.6046875 0.115625 0.103125
1 0.2140625 0.5234375 0.096875 0.1015625
1 0.42109375 0.41875 0.0421875 0.0609375
1 0.26875 0.46640625 0.0671875 0.0609375
1 0.296875 0.434375 0.0515625 0.0515625
1 0.35 0.57421875 0.0390625 0.0609375
1 0.73046875 0.453125 0.075 0.1
1 0.64375 0.39609375 0.0609375 0.078125
1 0.828125 0.39921875 0.0875 0.084375
1 0.34140625 0.37734375 0.0375 0.0375
0 0.90078125 0.45546875 0.04375 0.08125
0 0.90546875 0.375 0.040625 0.0765625
0 0.828125 0.34453125 0.034375 0.05
1 0.57578125 0.30625 0.0375 0.0390625
0 0.8859375 0.37265625 0.040625 0.0734375