1 0.4328125 0.54765625 0.0984375 0.14609375
1 0.3625 0.37890625 0.13515625 0.20859375
1 0.39296875 0.15078125 0.090625 0.1265625
1 0.4609375 0.02578125 0.06328125 0.0515625
0 0.43828125 0.4515625 0.046875 0.08203125
0 0.45 0.41484375 0.02109375 0.05546875
0 0.81875 0.36796875 0.05859375 0.1671875
0 0.81015625 0.16796875 0.0265625 0.1078125
0 0.946875 0.45390625 0.0359375 0.1703125
0 0.790625 0.7796875 0.0640625 0.14453125
0 0.87578125 0.89375 0.0453125 0.1984375
0 0.82734375 0.8734375 0.05703125 0.1921875
0 0.84765625 0.27265625 0.025 0.0734375
0 0.93984375 0.15625 0.0265625 0.11796875
0 0.8625 0.13046875 0.02421875 0.10859375
0 0.8328125 0.1109375 0.02421875 0.08671875
1 0.759375 0.121875 0.0875 0.1078125
1 0.9640625 0.64140625 0.071875 0.2609375
1 0.890625 0.45 0.071875 0.2359375
0 0.58359375 0.071875 0.0203125 0.046875
1 0.58203125 0.12109375 0.046875 0.0640625
0 0.9640625 0.29296875 0.034375 0.11796875
0 0.80390625 0.03203125 0.021875 0.0625
1 0.10390625 0.23828125 0.2078125 0.34296875