1 0.29296875 0.23984375 0.0984375 0.0984375
1 0.31328125 0.1859375 0.0625 0.04375
1 0.228125 0.34375 0.0625 0.0640625
1 0.203125 0.390625 0.0625 0.0546875
1 0.43046875 0.596875 0.1078125 0.0890625
1 0.2828125 0.61015625 0.05625 0.05625
1 0.5828125 0.934375 0.128125 0.13125
1 0.49921875 0.88984375 0.1 0.1125
1 0.4421875 0.8421875 0.0859375 0.0921875
1 0.39140625 0.8203125 0.0609375 0.0546875
1 0.37890625 0.77265625 0.071875 0.0828125
1 0.33828125 0.76484375 0.05625 0.0765625
1 0.2953125 0.684375 0.0515625 0.06875
1 0.29375 0.71796875 0.059375 0.0484375
1 0.55234375 0.7265625 0.3796875 0.2734375
1 0.534375 0.5875 0.075 0.0640625
1 0.571875 0.86328125 0.065625 0.059375
0 0.496875 0.6 0.0671875 0.05
0 0.5390625 0.87734375 0.0515625 0.0359375
0 0.484375 0.8609375 0.0828125 0.05
0 0.2796875 0.3515625 0.065625 0.0328125
0 0.24296875 0.215625 0.0765625 0.0453125
0 0.28046875 0.31484375 0.059375 0.0328125
0 0.2796875 0.3015625 0.0578125 0.025
0 0.27578125 0.28984375 0.065625 0.0328125
0 0.42421875 0.9015625 0.065625 0.0453125
0 0.4625 0.9484375 0.0703125 0.040625