1 0.3140625 0.5203125 0.19296875 0.378125
1 0.396875 0.1859375 0.0953125 0.15234375
1 0.4796875 0.1203125 0.07265625 0.115625
1 0.5328125 0.54375 0.05703125 0.14609375
1 0.840625 0.3640625 0.15078125 0.18125
1 0.1546875 0.12421875 0.05234375 0.0578125
1 0.7875 0.16171875 0.06796875 0.125
1 0.6671875 0.15234375 0.05234375 0.109375
1 0.64765625 0.0796875 0.0671875 0.0765625
0 0.5359375 0.4390625 0.0515625 0.0640625
0 0.5546875 0.13359375 0.034375 0.1125
0 0.746875 0.171875 0.028125 0.10625
0 0.88828125 0.2484375 0.028125 0.08515625
0 0.85546875 0.23828125 0.03203125 0.071875
0 0.8265625 0.24921875 0.02578125 0.0421875
0 0.946875 0.20703125 0.0296875 0.1125
0 0.8703125 0.1453125 0.028125 0.096875
0 0.83828125 0.16875 0.03125 0.0578125
0 0.71953125 0.1234375 0.0265625 0.11015625
0 0.89375 0.1046875 0.0296875 0.05234375
0 0.78828125 0.03828125 0.025 0.07265625
0 0.14453125 0.08046875 0.03125 0.05078125