1 0.5875 0.5921875 0.1125 0.3046875
0 0.58984375 0.5421875 0.0703125 0.103125
0 0.87265625 0.76640625 0.1171875 0.2859375
1 0.690625 0.29375 0.0734375 0.159375
0 0.69296875 0.2484375 0.0578125 0.0875
1 0.52890625 0.18359375 0.0828125 0.14375
1 0.8984375 0.47890625 0.09375 0.2390625
0 0.9484375 0.4765625 0.0734375 0.203125
1 0.853125 0.33359375 0.084375 0.178125
0 0.85703125 0.290625 0.0640625 0.103125
1 0.66640625 0.18671875 0.0625 0.121875
0 0.66953125 0.16640625 0.05 0.0625
1 0.78671875 0.13203125 0.096875 0.1140625
1 0.67578125 0.865625 0.2296875 0.26875