1 0.3640625 0.4203125 0.1734375 0.2921875
1 0.503125 0.3734375 0.1234375 0.2328125
1 0.16640625 0.16015625 0.178125 0.209375
1 0.50078125 0.09296875 0.0921875 0.1484375
1 0.90390625 0.4484375 0.121875 0.2203125
1 0.8234375 0.17578125 0.071875 0.09375
1 0.79453125 0.140625 0.0609375 0.0984375
1 0.628125 0.14921875 0.053125 0.08125
1 0.73359375 0.57265625 0.13125 0.1609375
0 0.965625 0.4796875 0.0515625 0.159375
0 0.74296875 0.471875 0.06875 0.128125
0 0.83515625 0.34921875 0.053125 0.15
0 0.775 0.16796875 0.0359375 0.1078125
0 0.865625 0.3109375 0.04375 0.1453125
0 0.896875 0.31953125 0.04375 0.0875
0 0.95078125 0.3203125 0.0390625 0.08125
0 0.978125 0.33671875 0.0390625 0.1234375
0 0.9046875 0.26875 0.0375 0.059375
0 0.8875 0.2109375 0.03125 0.065625
0 0.63046875 0.10078125 0.0375 0.05625
0 0.86484375 0.18125 0.034375 0.0859375
0 0.91328125 0.15546875 0.0359375 0.078125
0 0.9234375 0.21484375 0.040625 0.0890625
0 0.9609375 0.25703125 0.034375 0.065625
0 0.98125 0.22421875 0.0375 0.0609375
0 0.3328125 0.0828125 0.040625 0.0828125