1 0.41484375 0.17890625 0.096875 0.0953125
1 0.60078125 0.59375 0.1609375 0.103125
1 0.4328125 0.71484375 0.065625 0.071875
1 0.36171875 0.65 0.04375 0.04375
1 0.32890625 0.3484375 0.059375 0.0390625
1 0.56875 0.69296875 0.071875 0.046875
1 0.5015625 0.65625 0.0390625 0.0375
1 0.428125 0.5640625 0.0453125 0.028125
1 0.36328125 0.3015625 0.053125 0.0328125
1 0.36171875 0.5859375 0.034375 0.028125
1 0.45625 0.1296875 0.06875 0.05625
0 0.5078125 0.0265625 0.096875 0.046875
0 0.6515625 0.9390625 0.075 0.04375
0 0.7234375 0.928125 0.1015625 0.05625
0 0.7296875 0.96171875 0.1 0.0421875
0 0.5046875 0.85625 0.065625 0.0390625
0 0.47734375 0.73515625 0.065625 0.0359375