1 0.43203125 0.63515625 0.3359375 0.2046875
1 0.72578125 0.290625 0.365625 0.2125
1 0.2671875 0.5046875 0.1796875 0.109375
1 0.08046875 0.49375 0.1109375 0.0796875
1 0.12578125 0.775 0.059375 0.053125
1 0.62578125 0.103125 0.3546875 0.20625
1 0.4171875 0.078125 0.11875 0.11875
1 0.1921875 0.1546875 0.1765625 0.1296875
1 0.43828125 0.35078125 0.128125 0.09375
1 0.73359375 0.4609375 0.215625 0.1515625
1 0.315625 0.4171875 0.1015625 0.0546875
1 0.3375 0.246875 0.0984375 0.0765625
0 0.83359375 0.1265625 0.278125 0.10625
0 0.65078125 0.44765625 0.2015625 0.0765625
0 0.5640625 0.46796875 0.10625 0.0609375
0 0.55390625 0.41796875 0.06875 0.0375
0 0.25234375 0.40703125 0.06875 0.040625
0 0.26796875 0.19140625 0.1390625 0.046875
0 0.26328125 0.16875 0.1328125 0.04375
0 0.30859375 0.07578125 0.1171875 0.05625
0 0.275 0.04375 0.0921875 0.046875
0 0.4359375 0.9625 0.1578125 0.0703125
0 0.3734375 0.02890625 0.075 0.0390625
0 0.3796875 0.0046875 0.096875 0.009375
0 0.196875 0.06640625 0.071875 0.0375
0 0.353125 0.32109375 0.090625 0.040625
0 0.20234375 0.2265625 0.0828125 0.03125
0 0.1859375 0.24765625 0.084375 0.0375
0 0.071875 0.771875 0.0640625 0.0453125
0 0.2625 0.01328125 0.121875 0.0265625
0 0.1609375 0.37421875 0.0546875 0.0265625
0 0.14921875 0.35703125 0.0546875 0.0234375
1 0.2109375 0.3765625 0.0859375 0.0703125
0 0.0921875 0.24765625 0.08125 0.0359375