1 0.26015625 0.68125 0.259375 0.3625
1 0.43671875 0.3234375 0.1546875 0.2
1 0.1984375 0.1609375 0.134375 0.1421875
1 0.459375 0.1671875 0.11875 0.1375
1 0.82734375 0.1953125 0.1296875 0.1296875
1 0.54765625 0.2046875 0.0421875 0.08125
1 0.525 0.4375 0.0703125 0.1203125
1 0.70234375 0.70703125 0.1265625 0.1890625
1 0.9015625 0.471875 0.178125 0.253125
1 0.61640625 0.05078125 0.0578125 0.08125
1 0.565625 0.11640625 0.0734375 0.1046875
0 0.85234375 0.54296875 0.0734375 0.190625
0 0.73671875 0.60390625 0.071875 0.140625
0 0.5375 0.35703125 0.059375 0.09375
0 0.8203125 0.26875 0.0546875 0.13125
0 0.73359375 0.20859375 0.065625 0.14375
0 0.92109375 0.28515625 0.0453125 0.0734375