1 0.19375 0.4671875 0.21875 0.1625
1 0.32109375 0.2578125 0.1390625 0.1046875
1 0.503125 0.434375 0.0890625 0.078125
1 0.3890625 0.1671875 0.1046875 0.1171875
1 0.47109375 0.21484375 0.103125 0.0984375
1 0.5796875 0.4203125 0.0609375 0.0421875
1 0.5296875 0.26875 0.0625 0.0671875
1 0.56171875 0.29609375 0.0515625 0.0515625
1 0.42265625 0.35078125 0.0609375 0.0390625
1 0.5515625 0.7296875 0.1015625 0.0765625
1 0.60625 0.6421875 0.078125 0.0625
1 0.60625 0.8265625 0.0859375 0.0890625
1 0.6203125 0.33984375 0.0390625 0.0375
0 0.5515625 0.9 0.08125 0.0453125
0 0.63203125 0.903125 0.078125 0.040625
0 0.6609375 0.825 0.05 0.0359375
1 0.6953125 0.57265625 0.040625 0.0375
0 0.634375 0.88359375 0.0734375 0.0421875