1 0.8015625 0.36875 0.30625 0.2265625
1 0.90859375 0.1703125 0.1234375 0.1046875
1 0.63515625 0.35234375 0.0640625 0.0515625
1 0.60234375 0.30625 0.1328125 0.0875
1 0.8375 0.925 0.175 0.15
1 0.659375 0.86484375 0.2 0.15625
1 0.7171875 0.71171875 0.159375 0.1515625
1 0.5578125 0.73671875 0.13125 0.1140625
1 0.51328125 0.84296875 0.1546875 0.121875
1 0.465625 0.6796875 0.10625 0.090625
1 0.40078125 0.64453125 0.0640625 0.0671875
1 0.4546875 0.75234375 0.103125 0.071875
1 0.48515625 0.37890625 0.053125 0.040625
1 0.39375 0.41015625 0.065625 0.04375
1 0.3953125 0.453125 0.071875 0.0609375
1 0.325 0.43515625 0.065625 0.04375
1 0.359375 0.62734375 0.0578125 0.0625
1 0.54375 0.621875 0.2234375 0.153125
1 0.61015625 0.984375 0.1015625 0.03125
1 0.5328125 0.93046875 0.09375 0.0828125
0 0.65390625 0.14375 0.1140625 0.0546875
0 0.82421875 0.15703125 0.078125 0.053125
0 0.6578125 0.98828125 0.090625 0.0234375
0 0.521875 0.984375 0.053125 0.03125
0 0.5921875 0.3375 0.05 0.0296875
0 0.55078125 0.1765625 0.059375 0.0421875
0 0.5203125 0.26484375 0.071875 0.0375
0 0.56875 0.13984375 0.0515625 0.0375