1 0.64375 0.50234375 0.040625 0.0546875
0 0.871875 0.58359375 0.0328125 0.1140625
0 0.64375 0.46171875 0.028125 0.04375
0 0.78984375 0.53359375 0.025 0.04375
0 0.4171875 0.778125 0.046875 0.0875
0 0.1140625 0.7625 0.040625 0.084375
1 0.29453125 0.83046875 0.1109375 0.2125
1 0.11875 0.8375 0.0671875 0.0859375
1 0.41796875 0.85234375 0.053125 0.0828125
1 0.034375 0.6390625 0.0375 0.05625
1 0.04375 0.86328125 0.0875 0.2453125
1 0.39375 0.73203125 0.1125 0.15625
1 0.3875 0.61171875 0.09375 0.1171875
1 0.090625 0.6984375 0.0796875 0.1578125
1 0.24296875 0.66328125 0.1609375 0.275
1 0.3203125 0.521875 0.0578125 0.1015625
1 0.40234375 0.51015625 0.071875 0.0984375
1 0.78359375 0.58046875 0.05625 0.0796875
1 0.72578125 0.459375 0.0546875 0.078125
1 0.70078125 0.409375 0.059375 0.0703125
1 0.13828125 0.5078125 0.19375 0.2734375
1 0.30390625 0.4515625 0.0578125 0.0484375
1 0.3859375 0.44453125 0.0640625 0.0859375
1 0.2984375 0.41640625 0.0484375 0.0421875
1 0.3078125 0.390625 0.0453125 0.0375
1 0.23125 0.390625 0.0953125 0.134375
1 0.3578125 0.40703125 0.0546875 0.0921875