1 0.8453125 0.465625 0.0796875 0.06484375
1 0.88125 0.49140625 0.0515625 0.06328125
1 0.4515625 0.50390625 0.0703125 0.08828125
1 0.215625 0.4734375 0.0890625 0.0875
1 0.28125 0.4203125 0.0609375 0.05859375
1 0.4328125 0.38828125 0.0453125 0.0609375
1 0.4921875 0.40546875 0.0390625 0.0515625
1 0.36484375 0.653125 0.04140625 0.05546875
1 0.31171875 0.390625 0.04375 0.040625
1 0.490625 0.34375 0.02734375 0.034375
1 0.35078125 0.3609375 0.0375 0.0375
1 0.36875 0.3453125 0.0265625 0.03359375
1 0.4015625 0.3546875 0.0234375 0.04921875
0 0.08671875 0.73203125 0.040625 0.1125
0 0.01953125 0.58046875 0.03828125 0.08515625
0 0.11953125 0.5046875 0.03515625 0.07421875
0 0.1453125 0.48359375 0.0328125 0.071875
1 0.22890625 0.559375 0.03515625 0.05234375