1 0.15546875 0.7921875 0.18671875 0.19296875
0 0.01796875 0.71015625 0.03515625 0.12265625
1 0.39765625 0.6046875 0.0875 0.1078125
1 0.68828125 0.4546875 0.05625 0.0875
1 0.8640625 0.490625 0.08984375 0.0890625
1 0.83671875 0.55234375 0.06640625 0.10703125
1 0.61796875 0.371875 0.03828125 0.05234375
1 0.73515625 0.3734375 0.046875 0.06875
1 0.2171875 0.46484375 0.07734375 0.078125
1 0.34765625 0.365625 0.03125 0.03984375
1 0.3671875 0.34609375 0.03046875 0.03203125
1 0.396875 0.32734375 0.0359375 0.02890625
1 0.46640625 0.32265625 0.03203125 0.0390625
0 0.13125 0.5359375 0.03046875 0.0796875
0 0.134375 0.484375 0.0265625 0.053125
0 0.80546875 0.39375 0.01953125 0.05625
1 0.6796875 0.37578125 0.0265625 0.0546875
1 0.6609375 0.31484375 0.02421875 0.03515625
1 0.43203125 0.35234375 0.01953125 0.0359375
1 0.415625 0.3453125 0.01796875 0.03046875