1 0.18828125 0.76875 0.2234375 0.153125
1 0.14375 0.20859375 0.209375 0.1625
1 0.46953125 0.840625 0.0875 0.090625
1 0.43046875 0.87265625 0.065625 0.0484375
1 0.57421875 0.2234375 0.10625 0.0953125
1 0.553125 0.3390625 0.090625 0.0671875
1 0.55390625 0.3984375 0.0796875 0.059375
1 0.54140625 0.47109375 0.084375 0.075
1 0.4875 0.40234375 0.0609375 0.0484375
1 0.603125 0.4796875 0.0640625 0.0484375
1 0.6265625 0.4578125 0.0546875 0.034375
1 0.61953125 0.30234375 0.0703125 0.071875
1 0.63828125 0.3375 0.040625 0.0578125
0 0.31640625 0.921875 0.115625 0.0609375
0 0.5328125 0.08359375 0.0859375 0.046875
1 0.66796875 0.471875 0.04375 0.04375
1 0.66171875 0.38515625 0.040625 0.040625
1 0.65390625 0.496875 0.0421875 0.0359375