1 0.07578125 0.31953125 0.1515625 0.2421875
1 0.4421875 0.4796875 0.2984375 0.1484375
1 0.34765625 0.784375 0.3546875 0.196875
1 0.74453125 0.4203125 0.1796875 0.1015625
1 0.46171875 0.91484375 0.3796875 0.1703125
1 0.82109375 0.59296875 0.071875 0.04375
1 0.93046875 0.45703125 0.05 0.0328125
1 0.68125 0.884375 0.1078125 0.109375
1 0.88515625 0.759375 0.153125 0.1171875
1 0.92421875 0.6890625 0.10625 0.053125
0 0.8796875 0.5875 0.053125 0.0390625
0 0.97265625 0.45078125 0.034375 0.03125
0 0.9859375 0.6 0.028125 0.025
0 0.80703125 0.77109375 0.1375 0.0515625
0 0.81953125 0.896875 0.0828125 0.028125
0 0.74765625 0.95625 0.1125 0.04375
0 0.7453125 0.92421875 0.10625 0.040625
0 0.8125 0.92890625 0.0390625 0.025
0 0.8875 0.8921875 0.0890625 0.034375
0 0.89296875 0.828125 0.1078125 0.0359375
0 0.75390625 0.8453125 0.0578125 0.028125
1 0.9578125 0.3875 0.0703125 0.059375
1 0.90234375 0.15859375 0.0921875 0.0921875
1 0.946875 0.60546875 0.034375 0.021875
1 0.78515625 0.6921875 0.140625 0.0765625