1 0.40390625 0.79296875 0.125 0.19765625
1 0.22578125 0.62421875 0.08125 0.12578125
1 0.43671875 0.48359375 0.0625 0.07890625
1 0.1515625 0.5390625 0.1015625 0.0859375
1 0.21484375 0.46875 0.08046875 0.08671875
1 0.43828125 0.40546875 0.03203125 0.05703125
1 0.2796875 0.42265625 0.0578125 0.0515625
1 0.31328125 0.396875 0.04296875 0.04296875
1 0.33828125 0.54453125 0.02890625 0.05703125
1 0.73515625 0.49765625 0.059375 0.09140625
1 0.6609375 0.42578125 0.0484375 0.0703125
1 0.84140625 0.4640625 0.075 0.071875
1 0.36796875 0.34921875 0.03125 0.0328125
0 0.9015625 0.5328125 0.0296875 0.0765625
0 0.921875 0.4546875 0.0265625 0.0734375
0 0.8515625 0.41015625 0.0265625 0.0453125
1 0.61171875 0.32421875 0.03125 0.03515625
0 0.903125 0.4484375 0.02734375 0.06796875