1 0.5046875 0.56875 0.16484375 0.29609375
1 0.3546875 0.2875 0.10234375 0.16484375
1 0.30859375 0.465625 0.05390625 0.12109375
1 0.50625 0.3890625 0.05859375 0.0625
1 0.07265625 0.371875 0.1453125 0.16171875
1 0.2125 0.1140625 0.1546875 0.21171875
1 0.4671875 0.2390625 0.0703125 0.1625
1 0.4625 0.1078125 0.08359375 0.10546875
1 0.45234375 0.028125 0.0671875 0.05546875
1 0.93125 0.62578125 0.1375 0.3171875
1 0.87734375 0.45 0.1390625 0.221875
1 0.62734375 0.4109375 0.07890625 0.12578125
1 0.72265625 0.4203125 0.08203125 0.1375
1 0.79921875 0.1421875 0.1171875 0.13828125
1 0.69375 0.053125 0.0625 0.08515625
1 0.57890625 0.1453125 0.0421875 0.06875
1 0.5359375 0.03671875 0.028125 0.0453125
0 0.3109375 0.365625 0.05 0.078125
0 0.5125 0.3328125 0.046875 0.0875
0 0.628125 0.3328125 0.04375 0.090625
0 0.72265625 0.33828125 0.0421875 0.09296875
0 0.98046875 0.39296875 0.0390625 0.1484375
0 0.9234375 0.23125 0.040625 0.1375
0 0.71171875 0.12734375 0.0359375 0.1140625
0 0.31015625 0.15703125 0.0296875 0.1140625