1 0.2921875 0.43515625 0.0546875 0.0546875
1 0.32265625 0.4 0.0515625 0.059375
1 0.3375 0.3703125 0.04375 0.046875
1 0.36953125 0.34921875 0.034375 0.040625
1 0.22578125 0.609375 0.05 0.071875
0 0.12265625 0.6578125 0.04375 0.090625
0 0.1828125 0.584375 0.04375 0.0765625
0 0.234375 0.5203125 0.0390625 0.0671875
0 0.734375 0.35234375 0.034375 0.0546875
0 0.77265625 0.33828125 0.0234375 0.05
0 0.778125 0.32734375 0.0203125 0.040625
0 0.68515625 0.315625 0.0203125 0.040625
0 0.8484375 0.4203125 0.0296875 0.059375
0 0.21796875 0.57890625 0.03125 0.0421875