1 0.521875 0.83125 0.096875 0.09375
1 0.41875 0.38828125 0.1609375 0.1
1 0.60703125 0.3015625 0.065625 0.0703125
1 0.6640625 0.3796875 0.04375 0.0421875
1 0.6390625 0.68125 0.059375 0.0375
1 0.46875 0.29765625 0.071875 0.046875
1 0.528125 0.34609375 0.0390625 0.0375
1 0.5828125 0.45078125 0.0453125 0.0265625
1 0.59609375 0.72109375 0.0515625 0.0328125
1 0.65234375 0.4421875 0.0328125 0.028125
1 0.471875 0.871875 0.06875 0.0546875
0 0.40234375 0.96328125 0.096875 0.0453125
0 0.43515625 0.040625 0.075 0.040625
0 0.3625 0.03671875 0.1 0.0546875
0 0.3625 0.0109375 0.1 0.021875
0 0.56328125 0.14921875 0.065625 0.0375
0 0.5671875 0.2734375 0.065625 0.034375