1 0.80234375 0.17109375 0.1296875 0.1296875
1 0.48515625 0.09765625 0.096875 0.14375
1 0.6734375 0.31953125 0.084375 0.0890625
1 0.6359375 0.171875 0.0671875 0.05625
0 0.25625 0.5203125 0.0875 0.2359375
0 0.82890625 0.50390625 0.0671875 0.209375
0 0.66953125 0.240625 0.0421875 0.071875
0 0.6453125 0.1109375 0.0453125 0.06875
0 0.778125 0.16875 0.0515625 0.115625
1 0.8484375 0.3640625 0.08125 0.0984375
1 0.91796875 0.58828125 0.1421875 0.296875
0 0.95234375 0.41484375 0.065625 0.171875
0 0.91953125 0.3140625 0.046875 0.1484375
1 0.19140625 0.14609375 0.1296875 0.121875
0 0.88828125 0.221875 0.05 0.103125