1 0.43125 0.50234375 0.303125 0.1765625
1 0.7171875 0.3625 0.16875 0.109375
1 0.54140625 0.31015625 0.1234375 0.0578125
1 0.6109375 0.51015625 0.0640625 0.0609375
1 0.64296875 0.07734375 0.1671875 0.1515625
1 0.89375 0.225 0.2125 0.1625
1 0.76171875 0.4765625 0.165625 0.0765625
1 0.89296875 0.4765625 0.109375 0.0875
1 0.971875 0.46875 0.05625 0.06875
1 0.359375 0.92578125 0.321875 0.1484375
1 0.53671875 0.87890625 0.2265625 0.146875
1 0.584375 0.63046875 0.128125 0.0828125
1 0.571875 0.725 0.140625 0.0859375
1 0.846875 0.81171875 0.1421875 0.121875
1 0.93984375 0.709375 0.0859375 0.065625
1 0.8515625 0.59140625 0.0703125 0.0453125
1 0.96171875 0.55234375 0.046875 0.0296875
0 0.640625 0.315625 0.0796875 0.053125
0 0.66640625 0.51796875 0.0890625 0.05
0 0.6625 0.63359375 0.0921875 0.046875
0 0.65390625 0.728125 0.0953125 0.0453125
0 0.5890625 0.98046875 0.15 0.0390625
0 0.75390625 0.9328125 0.1390625 0.0453125
0 0.86484375 0.72421875 0.115625 0.040625
0 0.84921875 0.321875 0.115625 0.034375