1 0.8125 0.68125 0.17109375 0.2609375
1 0.8640625 0.48984375 0.10546875 0.1125
1 0.41953125 0.54140625 0.08125 0.109375
1 0.1484375 0.55703125 0.0734375 0.10078125
1 0.21484375 0.459375 0.07265625 0.09375
1 0.42890625 0.40625 0.040625 0.05859375
1 0.48984375 0.35078125 0.03828125 0.0640625
1 0.3640625 0.346875 0.0328125 0.040625
0 0.03828125 0.578125 0.0375 0.07734375
0 0.09375 0.5640625 0.0390625 0.0765625
0 0.9359375 0.58125 0.0328125 0.10234375
0 0.8265625 0.39453125 0.03046875 0.05390625
0 0.153125 0.46015625 0.0328125 0.0609375