1 0.37265625 0.51875 0.175 0.2828125
1 0.47890625 0.1484375 0.03125 0.065625
1 0.77109375 0.14140625 0.096875 0.1140625
1 0.67109375 0.30625 0.06875 0.1
1 0.896875 0.51640625 0.10859375 0.14453125
1 0.54140625 0.09140625 0.03828125 0.0640625
1 0.16328125 0.1265625 0.040625 0.06484375
0 0.684375 0.23828125 0.03984375 0.08515625
0 0.80390625 0.3578125 0.0375 0.175
0 0.92265625 0.4703125 0.04375 0.17734375
0 0.8484375 0.2734375 0.03984375 0.09296875
0 0.93125 0.27421875 0.0421875 0.12578125
0 0.859375 0.18671875 0.0421875 0.0796875
0 0.78984375 0.225 0.040625 0.12109375
0 0.70625 0.16171875 0.0328125 0.07265625
0 0.69296875 0.0984375 0.0375 0.0625
0 0.3015625 0.09296875 0.0296875 0.0671875