1 0.7578125 0.08125 0.3125 0.1625
1 0.53984375 0.55390625 0.125 0.0765625
1 0.45703125 0.57421875 0.0859375 0.0734375
1 0.81015625 0.63203125 0.1078125 0.0703125
1 0.74609375 0.67890625 0.0890625 0.0609375
1 0.47578125 0.63828125 0.0859375 0.0625
1 0.49296875 0.69921875 0.075 0.0609375
1 0.4421875 0.7046875 0.065625 0.078125
1 0.378125 0.53984375 0.0625 0.0578125
1 0.3421875 0.33828125 0.0640625 0.0515625
1 0.40078125 0.6765625 0.0515625 0.046875
1 0.38359375 0.17578125 0.084375 0.078125
1 0.4 0.13828125 0.065625 0.0484375
1 0.3125 0.565625 0.03125 0.0328125
1 0.28515625 0.3875 0.04375 0.0296875
0 0.75703125 0.65078125 0.071875 0.05
0 0.69375 0.69375 0.0703125 0.0515625
0 0.52421875 0.8359375 0.06875 0.0453125
1 0.51875 0.69140625 0.0765625 0.059375