1 0.77890625 0.15078125 0.121875 0.12109375
1 0.45703125 0.1 0.08828125 0.13671875
1 0.66015625 0.3078125 0.07890625 0.084375
1 0.6125 0.16328125 0.0640625 0.0515625
0 0.25859375 0.5375 0.071875 0.23046875
0 0.828125 0.48125 0.05234375 0.20546875
0 0.65078125 0.2296875 0.0375 0.06875
0 0.61796875 0.1015625 0.040625 0.065625
0 0.7546875 0.15 0.04296875 0.11171875
1 0.83828125 0.33984375 0.075 0.09296875
1 0.9234375 0.55859375 0.12109375 0.2890625
0 0.9453125 0.38359375 0.0546875 0.16875
0 0.90546875 0.28515625 0.0375 0.146875
1 0.1671875 0.16875 0.12109375 0.1140625
0 0.86796875 0.1953125 0.04375 0.10078125