0 0.06015625 0.64453125 0.04296875 0.103125
0 0.13125 0.5140625 0.02265625 0.0625
0 0.1125 0.50546875 0.02421875 0.0640625
0 0.98671875 0.571875 0.0265625 0.0828125
0 0.80546875 0.45625 0.0171875 0.0609375
0 0.90234375 0.45390625 0.01953125 0.05859375
0 0.8875 0.4546875 0.0203125 0.059375
0 0.86015625 0.42578125 0.01875 0.059375
0 0.8765625 0.428125 0.0140625 0.053125
0 0.79765625 0.37890625 0.0140625 0.040625
1 0.76328125 0.396875 0.02265625 0.04296875
1 0.44296875 0.39375 0.03828125 0.04765625
1 0.29140625 0.41328125 0.05 0.065625
1 0.3546875 0.3640625 0.03125 0.034375
1 0.36640625 0.34453125 0.02421875 0.02734375
1 0.828125 0.45625 0.071875 0.075
1 0.87265625 0.49609375 0.03203125 0.0578125