1 0.36953125 0.4125 0.16015625 0.23046875
1 0.1515625 0.27421875 0.1421875 0.1296875
1 0.47578125 0.215625 0.103125 0.1375
1 0.9453125 0.5296875 0.109375 0.2421875
1 0.690625 0.31328125 0.0796875 0.1140625
1 0.88828125 0.4328125 0.1 0.16875
0 0.9671875 0.76015625 0.065625 0.24140625
0 0.8125 0.24140625 0.0390625 0.1296875
0 0.84140625 0.278125 0.04140625 0.13359375
0 0.890625 0.27109375 0.0359375 0.1234375
0 0.86328125 0.24453125 0.02578125 0.0890625
0 0.70234375 0.24921875 0.0375 0.0796875
1 0.6390625 0.16953125 0.06171875 0.07265625
0 0.9265625 0.19453125 0.0328125 0.1140625
0 0.6453125 0.125 0.0328125 0.065625
1 0.196875 0.79609375 0.39375 0.4078125