1 0.8515625 0.6484375 0.23125 0.3046875
1 0.63984375 0.42265625 0.0859375 0.1390625
1 0.13203125 0.58125 0.153125 0.159375
1 0.31484375 0.51875 0.05625 0.05
1 0.4140625 0.784375 0.0703125 0.10625
0 0.403125 0.70703125 0.0578125 0.084375
1 0.6390625 0.34453125 0.0625 0.078125
1 0.5921875 0.25390625 0.0453125 0.0609375
1 0.5671875 0.29921875 0.034375 0.05
1 0.73515625 0.38359375 0.0484375 0.065625
1 0.57578125 0.2140625 0.0453125 0.0421875
1 0.5390625 0.18828125 0.046875 0.0515625
1 0.6171875 0.16796875 0.0890625 0.140625
0 0.86875 0.3609375 0.040625 0.0953125
0 0.7265625 0.33828125 0.034375 0.05
0 0.3015625 0.47734375 0.028125 0.053125
0 0.31015625 0.4640625 0.021875 0.04375
0 0.165625 0.46328125 0.0359375 0.075
0 0.12421875 0.459375 0.0359375 0.06875
0 0.1390625 0.44765625 0.03125 0.071875
0 0.178125 0.4328125 0.0359375 0.0796875
0 0.19375 0.42578125 0.028125 0.0734375
0 0.83125 0.3546875 0.034375 0.0953125
0 0.4046875 0.29765625 0.025 0.0515625
0 0.2765625 0.36484375 0.0328125 0.0625
0 0.2375 0.36015625 0.034375 0.059375
0 0.95703125 0.38046875 0.0375 0.05625
0 0.98125 0.45390625 0.0375 0.1171875
0 0.95078125 0.2484375 0.0359375 0.05625
0 0.953125 0.31484375 0.0390625 0.0515625
0 0.74609375 0.26953125 0.028125 0.065625
0 0.56328125 0.271875 0.01875 0.028125