1 0.56875 0.496875 0.3 0.1703125
1 0.28515625 0.64140625 0.1671875 0.10625
1 0.4625 0.690625 0.1234375 0.0546875
1 0.3890625 0.4921875 0.0640625 0.0609375
1 0.3640625 0.925 0.165625 0.1484375
1 0.109375 0.78046875 0.215625 0.1578125
1 0.23828125 0.528125 0.1640625 0.0734375
1 0.10703125 0.53046875 0.1078125 0.0859375
1 0.028125 0.5390625 0.05625 0.06875
1 0.63359375 0.07109375 0.3203125 0.1421875
1 0.45625 0.121875 0.225 0.1421875
1 0.41328125 0.37109375 0.1265625 0.0796875
1 0.42421875 0.27578125 0.1390625 0.084375
1 0.14765625 0.19453125 0.1390625 0.1203125
1 0.05625 0.2984375 0.0859375 0.0640625
1 0.146875 0.41484375 0.06875 0.04375
1 0.0375 0.45625 0.0453125 0.0296875
0 0.3625 0.68671875 0.0796875 0.0515625
0 0.3328125 0.484375 0.0890625 0.0484375
0 0.33515625 0.36875 0.090625 0.0453125
0 0.3421875 0.27421875 0.09375 0.04375
0 0.40078125 0.01953125 0.1484375 0.0390625
0 0.2390625 0.071875 0.1375 0.04375
0 0.13125 0.28203125 0.1140625 0.0375
0 0.15390625 0.68359375 0.1140625 0.03125