1 0.725 0.56171875 0.0875 0.1109375
1 0.56640625 0.53203125 0.1359375 0.1546875
1 0.97578125 0.79296875 0.0484375 0.1984375
1 0.615625 0.41640625 0.0984375 0.1296875
1 0.3703125 0.72265625 0.21875 0.30625
1 0.13984375 0.62109375 0.0671875 0.1
1 0.3 0.5265625 0.1015625 0.1140625
1 0.3765625 0.4734375 0.0890625 0.1046875
1 0.1578125 0.5453125 0.08125 0.1109375
1 0.2921875 0.42578125 0.0703125 0.0765625
1 0.3734375 0.3921875 0.1 0.1125
1 0.30390625 0.37734375 0.0609375 0.065625
1 0.3171875 0.32734375 0.059375 0.0625
1 0.540625 0.41015625 0.059375 0.075
1 0.6484375 0.38671875 0.046875 0.075
1 0.57890625 0.3453125 0.0390625 0.0515625
1 0.53515625 0.33984375 0.0390625 0.0546875
1 0.4640625 0.33828125 0.0796875 0.1140625
1 0.46796875 0.2640625 0.05625 0.0546875
1 0.07578125 0.6453125 0.0875 0.0953125
1 0.17734375 0.39765625 0.175 0.196875
1 0.2578125 0.35546875 0.0953125 0.1015625