1 0.54765625 0.596875 0.1390625 0.1
1 0.43359375 0.78125 0.0890625 0.0890625
1 0.3890625 0.54453125 0.0546875 0.0515625
1 0.340625 0.484375 0.0609375 0.0453125
1 0.33515625 0.52421875 0.0421875 0.0375
1 0.32109375 0.6109375 0.0421875 0.0421875
1 0.3015625 0.57890625 0.0390625 0.034375
1 0.56328125 0.121875 0.1171875 0.1125
1 0.5 0.17109375 0.0859375 0.0828125
1 0.77265625 0.67265625 0.08125 0.0640625
1 0.30078125 0.50546875 0.034375 0.025
1 0.2875 0.465625 0.0609375 0.0421875
0 0.7015625 0.66171875 0.0921875 0.05
0 0.4953125 0.88515625 0.09375 0.0484375
0 0.45390625 0.946875 0.078125 0.0359375
0 0.4078125 0.81875 0.059375 0.028125
0 0.4671875 0.13046875 0.0578125 0.025
0 0.45 0.14453125 0.0515625 0.028125
0 0.49375 0.7640625 0.046875 0.028125
1 0.52890625 0.7625 0.0484375 0.046875
1 0.38203125 0.3203125 0.040625 0.0265625
1 0.37109375 0.359375 0.040625 0.028125