1 0.37265625 0.19296875 0.084375 0.084375
1 0.40703125 0.146875 0.0578125 0.0328125
1 0.28203125 0.275 0.053125 0.0546875
1 0.24453125 0.3125 0.0546875 0.0453125
1 0.40703125 0.57421875 0.0953125 0.071875
1 0.2609375 0.54609375 0.0484375 0.0484375
1 0.46015625 0.9421875 0.1078125 0.115625
1 0.39140625 0.87421875 0.0828125 0.0984375
1 0.35 0.81328125 0.071875 0.08125
1 0.30703125 0.778125 0.053125 0.0453125
1 0.30859375 0.72890625 0.059375 0.0734375
1 0.27109375 0.71015625 0.04375 0.0703125
1 0.25234375 0.62109375 0.0390625 0.0625
1 0.24140625 0.653125 0.053125 0.0390625
1 0.48828125 0.7328125 0.3484375 0.209375
1 0.509375 0.59296875 0.0671875 0.0515625
1 0.46875 0.86953125 0.0578125 0.0484375
0 0.46953125 0.5953125 0.0609375 0.0390625
0 0.43359375 0.8734375 0.0484375 0.0265625
0 0.3859375 0.8421875 0.0796875 0.034375
0 0.32890625 0.29609375 0.0625 0.0203125
0 0.33125 0.15546875 0.0734375 0.03125
0 0.340625 0.26171875 0.05625 0.021875
0 0.34296875 0.2484375 0.05625 0.0140625
0 0.34296875 0.23671875 0.0640625 0.01875
0 0.3171875 0.86484375 0.0609375 0.0328125
0 0.340625 0.9203125 0.0671875 0.0265625