1 0.43515625 0.64375 0.278125 0.1453125
1 0.3734375 0.51015625 0.2234375 0.1
1 0.196875 0.8671875 0.19375 0.1609375
1 0.0953125 0.54140625 0.140625 0.078125
1 0.40625 0.10390625 0.2109375 0.1
1 0.14375 0.2125 0.0875 0.0625
1 0.11171875 0.24453125 0.09375 0.0515625
1 0.1375 0.409375 0.0765625 0.0453125
1 0.54765625 0.26015625 0.15 0.115625
0 0.43125 0.0390625 0.15625 0.0359375
0 0.446875 0.2609375 0.1234375 0.05625
0 0.31484375 0.1828125 0.146875 0.0375
0 0.140625 0.2609375 0.10625 0.025
0 0.2734375 0.15625 0.14375 0.028125
0 0.27890625 0.12421875 0.084375 0.034375
0 0.27421875 0.0703125 0.078125 0.03125
0 0.2875 0.04140625 0.121875 0.0265625
0 0.22734375 0.121875 0.05625 0.03125
0 0.171875 0.14453125 0.0640625 0.025
0 0.0890625 0.41171875 0.053125 0.0328125
0 0.14453125 0.1703125 0.084375 0.025
0 0.1140625 0.125 0.075 0.028125
0 0.171875 0.10859375 0.0859375 0.03125
0 0.21015625 0.0671875 0.0625 0.028125
0 0.175 0.04921875 0.0578125 0.0328125
0 0.10234375 0.71015625 0.0796875 0.0328125