1 0.89140625 0.9140625 0.209375 0.171875
1 0.8296875 0.45625 0.0890625 0.08359375
1 0.69140625 0.384375 0.04609375 0.04765625
1 0.43671875 0.475 0.06328125 0.0875
1 0.64296875 0.35390625 0.02265625 0.05
1 0.7625 0.3953125 0.02421875 0.03671875
1 0.63046875 0.31328125 0.01875 0.028125
1 0.61484375 0.31953125 0.01484375 0.0328125
1 0.58671875 0.3 0.0421875 0.10234375
1 0.29375 0.4109375 0.059375 0.06328125
1 0.365625 0.3453125 0.03515625 0.03671875
1 0.39453125 0.328125 0.03046875 0.03125
1 0.45078125 0.28984375 0.02109375 0.02109375
1 0.4796875 0.31484375 0.0265625 0.0375
0 0.18828125 0.52578125 0.02109375 0.0734375
0 0.209375 0.5046875 0.02421875 0.07265625
0 0.15390625 0.4640625 0.0171875 0.0640625
0 0.16875 0.465625 0.0203125 0.0625
0 0.34921875 0.39609375 0.021875 0.0421875
0 0.93359375 0.471875 0.02421875 0.06640625
0 0.8015625 0.3921875 0.0140625 0.04375
0 0.6859375 0.33125 0.0109375 0.03125
0 0.69453125 0.33203125 0.0109375 0.03125
1 0.3515625 0.4171875 0.02265625 0.021875