1 0.4875 0.65078125 0.3453125 0.234375
1 0.63125 0.22109375 0.375 0.24375
1 0.2859375 0.59140625 0.184375 0.125
1 0.10859375 0.6515625 0.115625 0.0890625
1 0.25625 0.89453125 0.0625 0.0578125
1 0.4671875 0.1015625 0.365625 0.203125
1 0.265625 0.13984375 0.1265625 0.1265625
1 0.08828125 0.2953125 0.1765625 0.14375
1 0.38671875 0.38515625 0.134375 0.1046875
1 0.7015625 0.3765625 0.225 0.1703125
1 0.2984375 0.4921875 0.1046875 0.0640625
1 0.2546875 0.32578125 0.103125 0.084375
0 0.66796875 0.04765625 0.2796875 0.0953125
0 0.6203125 0.3953125 0.203125 0.096875
0 0.546875 0.44609375 0.1078125 0.0703125
0 0.51953125 0.403125 0.0703125 0.04375
0 0.23515625 0.50625 0.071875 0.046875
0 0.16953125 0.30078125 0.1390625 0.0609375
0 0.15625 0.28125 0.1328125 0.05625
0 0.1640625 0.178125 0.11875 0.0671875
0 0.12109375 0.16171875 0.09375 0.0546875
0 0.6140625 0.953125 0.1609375 0.0859375
0 0.20625 0.11015625 0.0765625 0.046875
0 0.1984375 0.07265625 0.096875 0.046875
0 0.05625 0.21171875 0.0734375 0.04375
0 0.296875 0.3890625 0.0921875 0.0484375
0 0.121875 0.3578125 0.084375 0.0390625
0 0.1140625 0.38359375 0.0859375 0.0453125
0 0.20546875 0.9125 0.0671875 0.05
0 0.09453125 0.13046875 0.1234375 0.053125
0 0.13828125 0.51015625 0.05625 0.03125
0 0.12109375 0.4984375 0.0546875 0.028125
1 0.1859375 0.49375 0.090625 0.0765625
0 0.03359375 0.41875 0.0671875 0.04375