1 0.28671875 0.6 0.20625 0.32734375
1 0.340625 0.3046875 0.1296875 0.2125
1 0.47734375 0.553125 0.1171875 0.26171875
1 0.49453125 0.23125 0.09453125 0.15859375
1 0.5390625 0.3546875 0.11796875 0.18125
1 0.80078125 0.14453125 0.11328125 0.1390625
1 0.44296875 0.1171875 0.03828125 0.09296875
1 0.54375 0.04296875 0.07265625 0.0828125
1 0.45546875 0.03125 0.07421875 0.0625
1 0.51796875 0.80234375 0.1484375 0.15390625
0 0.5140625 0.7296875 0.07421875 0.14921875
0 0.4953125 0.65 0.04375 0.1078125
0 0.54453125 0.64453125 0.0484375 0.08828125
0 0.53046875 0.5859375 0.04453125 0.0578125
0 0.70703125 0.1609375 0.03515625 0.090625
1 0.6359375 0.1296875 0.08046875 0.10234375
1 0.80390625 0.6015625 0.3921875 0.796875