0 0.03671875 0.54140625 0.0578125 0.0953125
0 0.36796875 0.54375 0.0421875 0.0625
0 0.971875 0.62421875 0.040625 0.0796875
0 0.95078125 0.584375 0.0296875 0.0734375
0 0.903125 0.51796875 0.03125 0.06875
0 0.1453125 0.41796875 0.0390625 0.0703125
0 0.18125 0.39296875 0.0328125 0.059375
0 0.2109375 0.37734375 0.0234375 0.0390625
1 0.35234375 0.5890625 0.0546875 0.0640625
1 0.36328125 0.44765625 0.0984375 0.103125
1 0.22265625 0.42890625 0.0984375 0.090625
1 0.83125 0.521875 0.090625 0.0984375
1 0.36328125 0.371875 0.03125 0.0328125
0 0.36875 0.34921875 0.0171875 0.0265625
0 0.81875 0.44296875 0.021875 0.046875
0 0.76015625 0.446875 0.01875 0.0390625
0 0.4046875 0.34296875 0.021875 0.0390625
1 0.77265625 0.428125 0.0578125 0.0640625
1 0.703125 0.3328125 0.028125 0.034375
1 0.43359375 0.30546875 0.034375 0.034375
1 0.403125 0.31640625 0.0375 0.0375
1 0.60234375 0.30390625 0.0140625 0.0234375
0 0.88359375 0.51875 0.025 0.0625
0 0.86796875 0.50546875 0.0234375 0.0515625
0 0.10234375 0.39765625 0.021875 0.046875
1 0.6359375 0.3328125 0.0203125 0.0296875
0 0.334375 0.37265625 0.0265625 0.05