1 0.87265625 0.4953125 0.04453125 0.06796875
0 0.06015625 0.65 0.0359375 0.09140625
0 0.159375 0.62578125 0.03125 0.0953125
0 0.1234375 0.553125 0.01875 0.04453125
0 0.1828125 0.4640625 0.02265625 0.06640625
0 0.23046875 0.46796875 0.025 0.03671875
0 0.7734375 0.4 0.01953125 0.04609375
0 0.721875 0.37265625 0.01640625 0.04375
1 0.23359375 0.49765625 0.0390625 0.04140625
1 0.15234375 0.5890625 0.103125 0.10703125
0 0.1109375 0.4984375 0.021875 0.0578125
1 0.31484375 0.39453125 0.05859375 0.046875
1 0.346875 0.3640625 0.034375 0.03359375
1 0.36953125 0.34296875 0.0296875 0.02890625
1 0.39921875 0.32421875 0.025 0.02890625
1 0.43984375 0.33203125 0.02578125 0.03125
0 0.2421875 0.41171875 0.01875 0.04296875