1 0.77578125 0.7984375 0.1921875 0.353125
1 0.83125 0.471875 0.0859375 0.0921875
1 0.61484375 0.5703125 0.053125 0.0609375
1 0.14375 0.5171875 0.125 0.1203125
1 0.47734375 0.4140625 0.05625 0.075
1 0.478125 0.459375 0.0578125 0.0875
1 0.6234375 0.45546875 0.0234375 0.04375
1 0.47109375 0.34765625 0.0375 0.05
1 0.50078125 0.3359375 0.0375 0.0546875
1 0.31328125 0.39921875 0.0234375 0.0421875
1 0.375 0.33515625 0.0359375 0.0390625
1 0.40546875 0.31796875 0.0328125 0.0296875
1 0.51171875 0.2796875 0.0203125 0.0203125
1 0.4640625 0.30234375 0.0484375 0.1015625
1 0.68828125 0.328125 0.0234375 0.0328125
0 0.18203125 0.5265625 0.028125 0.065625
0 0.1671875 0.52421875 0.01875 0.0671875
0 0.9109375 0.47265625 0.0203125 0.0640625
0 0.74375 0.38984375 0.0171875 0.04375
0 0.61484375 0.5265625 0.028125 0.0390625
0 0.203125 0.39921875 0.0171875 0.0484375
0 0.36796875 0.36328125 0.0171875 0.040625
0 0.6234375 0.425 0.01875 0.0296875