1 0.878125 0.4359375 0.1078125 0.1140625
1 0.4375 0.58984375 0.08125 0.1328125
1 0.41328125 0.48671875 0.0609375 0.084375
1 0.81640625 0.39765625 0.0734375 0.08125
1 0.94921875 0.87578125 0.1015625 0.1265625
1 0.45703125 0.371875 0.0421875 0.0578125
1 0.36171875 0.57890625 0.0421875 0.0609375
1 0.32109375 0.56015625 0.0359375 0.053125
0 0.940625 0.825 0.0546875 0.090625
0 0.92265625 0.78046875 0.0578125 0.078125
0 0.9609375 0.42421875 0.0359375 0.0765625
0 0.76875 0.39765625 0.03125 0.065625
0 0.78359375 0.4 0.025 0.0609375
0 0.06796875 0.740625 0.0546875 0.1
0 0.04296875 0.74765625 0.0359375 0.1046875
0 0.3546875 0.54296875 0.03125 0.046875
0 0.31640625 0.5234375 0.0328125 0.040625
0 0.1640625 0.52734375 0.0421875 0.0734375
1 0.34296875 0.365625 0.0375 0.0390625
1 0.36640625 0.33984375 0.03125 0.0375