0 0.81015625 0.390625 0.05234375 0.18984375
0 0.671875 0.34453125 0.0625 0.12578125
1 0.409375 0.2234375 0.11875 0.20234375
1 0.6578125 0.26484375 0.09140625 0.146875
1 0.61328125 0.33515625 0.00234375 0.00078125
1 0.859375 0.33359375 0.07265625 0.14375
0 0.74375 0.23203125 0.05703125 0.159375
1 0.934375 0.57890625 0.13125 0.3296875
1 0.66484375 0.4125 0.0796875 0.1140625
0 0.78515625 0.17578125 0.03984375 0.06875
0 0.9171875 0.2796875 0.05234375 0.171875
1 0.68515625 0.06171875 0.07265625 0.1109375