1 0.27734375 0.678125 0.16328125 0.20234375
1 0.68671875 0.5734375 0.146875 0.24296875
1 0.39140625 0.44375 0.09765625 0.13671875
1 0.57578125 0.3609375 0.065625 0.09296875
1 0.2203125 0.4515625 0.1703125 0.3015625
1 0.3734375 0.2890625 0.06171875 0.10546875
1 0.3859375 0.2375 0.05546875 0.06484375
1 0.61015625 0.2921875 0.05078125 0.08046875
1 0.65234375 0.371875 0.04140625 0.0625
1 0.93515625 0.81875 0.125 0.15234375
1 0.8765625 0.375 0.1671875 0.2578125
1 0.7921875 0.503125 0.0609375 0.08671875
1 0.70546875 0.43046875 0.04453125 0.04453125
0 0.94921875 0.72421875 0.046875 0.09140625
0 0.909375 0.69296875 0.0453125 0.09140625
0 0.95 0.659375 0.04296875 0.03984375
0 0.98359375 0.571875 0.0328125 0.14375
0 0.9421875 0.55625 0.04296875 0.1359375
0 0.9109375 0.5125 0.03984375 0.12109375
0 0.85703125 0.47734375 0.034375 0.11875
0 0.01640625 0.3671875 0.028125 0.096875
0 0.04296875 0.37578125 0.03828125 0.09453125
0 0.70546875 0.39609375 0.02578125 0.05390625
0 0.80078125 0.44453125 0.03125 0.0640625