1 0.678125 0.69921875 0.090625 0.1140625
1 0.63359375 0.5015625 0.10625 0.1546875
1 0.30859375 0.7671875 0.1671875 0.2578125
1 0.1671875 0.75234375 0.1984375 0.275
1 0.3171875 0.39765625 0.1203125 0.1640625
1 0.38203125 0.33671875 0.06875 0.090625
1 0.42265625 0.3265625 0.0703125 0.0828125
1 0.69375 0.525 0.0765625 0.09375
1 0.20859375 0.42890625 0.04375 0.05625
1 0.21875 0.4875 0.0515625 0.0578125
1 0.28125 0.30625 0.1859375 0.2015625
1 0.1578125 0.33984375 0.084375 0.0984375
0 0.88359375 0.93671875 0.0703125 0.1265625
0 0.8546875 0.56875 0.06875 0.1109375
0 0.81640625 0.46875 0.046875 0.0828125
0 0.771875 0.44765625 0.046875 0.0828125
1 0.58828125 0.25 0.103125 0.134375
1 0.1328125 0.425 0.0765625 0.09375
1 0.07109375 0.425 0.071875 0.08125