1 0.10703125 0.9015625 0.1828125 0.196875
1 0.5609375 0.8265625 0.0890625 0.09375
1 0.62578125 0.68515625 0.05 0.05
1 0.521875 0.43515625 0.090625 0.0671875
1 0.653125 0.63515625 0.0515625 0.025
1 0.61796875 0.75703125 0.0390625 0.0265625
1 0.69296875 0.6203125 0.0296875 0.0203125
1 0.6859375 0.60546875 0.0328125 0.0171875
1 0.70390625 0.57578125 0.1046875 0.046875
1 0.578125 0.2890625 0.065625 0.0625
1 0.64765625 0.3578125 0.0390625 0.0359375
1 0.66640625 0.3859375 0.0328125 0.0328125
1 0.70703125 0.43984375 0.0234375 0.0234375
1 0.68359375 0.4703125 0.0390625 0.028125
0 0.4578125 0.18984375 0.075 0.025
0 0.48046875 0.21015625 0.0734375 0.028125
0 0.51796875 0.15234375 0.065625 0.0203125
0 0.5171875 0.1671875 0.0640625 0.0234375
0 0.59609375 0.34375 0.04375 0.0234375
0 0.55078125 0.93125 0.0671875 0.028125
0 0.6234375 0.7953125 0.04375 0.015625
0 0.678125 0.6765625 0.03125 0.0125
0 0.678125 0.68515625 0.03125 0.0125
1 0.575 0.34765625 0.0234375 0.0234375