1 0.56875 0.30546875 0.15625 0.10625
1 0.55078125 0.16640625 0.16875 0.11875
1 0.37421875 0.18984375 0.0921875 0.0953125
1 0.625 0.8328125 0.1328125 0.1375
1 0.37578125 0.66875 0.0453125 0.0453125
1 0.35234375 0.64140625 0.0421875 0.0421875
1 0.66875 0.03046875 0.140625 0.0609375
1 0.7625 0.7875 0.15 0.1109375
0 0.734375 0.86640625 0.0984375 0.0625
0 0.64921875 0.81484375 0.0984375 0.0640625
0 0.609375 0.02421875 0.078125 0.0484375
0 0.3375 0.15625 0.0640625 0.0359375
0 0.36015625 0.08359375 0.0765625 0.0421875
0 0.54296875 0.846875 0.053125 0.0359375
0 0.53828125 0.83046875 0.0625 0.0375
0 0.4515625 0.696875 0.0515625 0.0296875
0 0.4265625 0.6734375 0.046875 0.034375