0 0.50390625 0.44765625 0.0625 0.16875
0 0.5890625 0.440625 0.05546875 0.14921875
0 0.5421875 0.44609375 0.0484375 0.12578125
0 0.73515625 0.46640625 0.05625 0.11953125
0 0.92734375 0.44921875 0.05703125 0.13515625
1 0.54609375 0.60390625 0.21640625 0.21875
1 0.74609375 0.5671875 0.15625 0.1421875
1 0.94296875 0.5859375 0.1140625 0.15234375
1 0.4296875 0.5109375 0.10234375 0.13359375
1 0.16953125 0.5203125 0.10703125 0.08984375
0 0.14375 0.453125 0.0453125 0.09296875
0 0.18046875 0.45703125 0.04765625 0.0890625
1 0.26328125 0.38671875 0.40390625 0.1734375