1 0.70625 0.5125 0.0640625 0.10546875
1 0.62421875 0.4578125 0.053125 0.0796875
1 0.6484375 0.40234375 0.0390625 0.0578125
1 0.61328125 0.35703125 0.0375 0.0453125
1 0.8265625 0.44765625 0.07109375 0.078125
1 0.1140625 0.9296875 0.209375 0.140625
1 0.14375 0.53828125 0.1078125 0.10703125
1 0.36484375 0.34375 0.0375 0.0375
1 0.39453125 0.321875 0.03125 0.0375
1 0.4421875 0.3171875 0.0578125 0.08359375
0 0.03984375 0.71953125 0.04375 0.11875
0 0.0890625 0.68359375 0.0359375 0.09375
0 0.18125 0.54921875 0.0265625 0.08515625
0 0.2171875 0.49375 0.02734375 0.06796875
0 0.9859375 0.52421875 0.028125 0.08203125
0 0.85 0.5 0.0234375 0.06484375
0 0.8609375 0.4984375 0.0203125 0.06796875