1 0.2828125 0.71015625 0.1546875 0.225
0 0.16171875 0.57265625 0.04140625 0.08515625
1 0.36796875 0.475 0.084375 0.1546875
1 0.2796875 0.51015625 0.0828125 0.09375
1 0.1609375 0.63984375 0.0359375 0.04765625
0 0.24375 0.41328125 0.03671875 0.0484375
0 0.16640625 0.4375 0.04375 0.04296875
1 0.16875 0.49375 0.0640625 0.05234375
1 0.68359375 0.7265625 0.159375 0.20546875
0 0.92421875 0.584375 0.04765625 0.11484375
0 0.8859375 0.48984375 0.0546875 0.09375
1 0.55625 0.39140625 0.0921875 0.1296875
0 0.71953125 0.41171875 0.04375 0.0609375
0 0.8 0.440625 0.0328125 0.103125
0 0.21328125 0.36640625 0.046875 0.0484375
1 0.7078125 0.4703125 0.0640625 0.0921875
1 0.30625 0.4140625 0.0609375 0.08984375
0 0.328125 0.33046875 0.0578125 0.0390625
0 0.646875 0.33203125 0.04296875 0.05078125
1 0.64140625 0.37890625 0.040625 0.03828125
0 0.75859375 0.37421875 0.025 0.08828125