1 0.39453125 0.68359375 0.1234375 0.184375
1 0.371875 0.4515625 0.05625 0.06875
1 0.82890625 0.45546875 0.0796875 0.08125
1 0.62421875 0.4015625 0.034375 0.059375
1 0.47890625 0.37890625 0.0421875 0.0609375
1 0.1453125 0.53828125 0.1109375 0.103125
1 0.4703125 0.33203125 0.0265625 0.034375
1 0.678125 0.31875 0.025 0.0375
1 0.6609375 0.37421875 0.01875 0.03125
1 0.9625 0.91328125 0.075 0.159375
1 0.05703125 0.73125 0.1140625 0.1125
0 0.1359375 0.58359375 0.028125 0.090625
0 0.046875 0.66484375 0.0328125 0.071875
0 0.2296875 0.48046875 0.025 0.05625
0 0.96015625 0.471875 0.0265625 0.078125
0 0.94453125 0.7984375 0.028125 0.053125
0 0.965625 0.82890625 0.034375 0.0765625
0 0.8546875 0.41953125 0.01875 0.0375
0 0.8359375 0.40703125 0.0171875 0.040625
0 0.8484375 0.4 0.015625 0.028125
0 0.5578125 0.33125 0.01875 0.0375
0 0.22578125 0.42578125 0.0203125 0.046875
1 0.66328125 0.290625 0.025 0.021875
1 0.3296875 0.38125 0.0453125 0.034375
1 0.36640625 0.340625 0.03125 0.0328125
1 0.309375 0.40546875 0.0171875 0.03125
1 0.32890625 0.39609375 0.021875 0.0421875
1 0.48828125 0.3015625 0.0296875 0.04375
1 0.47421875 0.28984375 0.015625 0.021875