1 0.30859375 0.396875 0.046875 0.046875
1 0.3453125 0.36796875 0.0421875 0.0515625
1 0.365625 0.34140625 0.0359375 0.04140625
1 0.40078125 0.32734375 0.028125 0.0359375
1 0.21015625 0.5546875 0.0375 0.06484375
0 0.09921875 0.5828125 0.02734375 0.08671875
0 0.17265625 0.52265625 0.03125 0.071875
0 0.23515625 0.46953125 0.028125 0.0625
0 0.75859375 0.4 0.025 0.0515625
0 0.7984375 0.39296875 0.0140625 0.0484375
0 0.80625 0.38359375 0.0125 0.0390625
0 0.7171875 0.3546875 0.01328125 0.0390625
0 0.85703125 0.48828125 0.01796875 0.05703125
0 0.2078125 0.5234375 0.02578125 0.0375