1 0.1625 0.31953125 0.325 0.3265625
1 0.4265625 0.6828125 0.19375 0.14375
1 0.92734375 0.3703125 0.1125 0.0984375
1 0.890625 0.4140625 0.084375 0.0578125
1 0.91953125 0.68671875 0.125 0.1078125
1 0.57265625 0.90234375 0.153125 0.1359375
1 0.7109375 0.80703125 0.121875 0.096875
1 0.80703125 0.56796875 0.0953125 0.084375
0 0.78125 0.2875 0.1140625 0.0625
0 0.84765625 0.3 0.0765625 0.0453125
0 0.84609375 0.2734375 0.05625 0.0484375
0 0.51796875 0.66328125 0.1453125 0.0828125
0 0.63046875 0.93203125 0.2 0.0859375
0 0.88984375 0.87265625 0.11875 0.0578125
0 0.77890625 0.79765625 0.109375 0.0609375
0 0.79140625 0.86484375 0.103125 0.05625
0 0.7703125 0.928125 0.1546875 0.075
0 0.85 0.8234375 0.078125 0.0546875
0 0.884375 0.7421875 0.1140625 0.05625
0 0.9046875 0.79609375 0.1171875 0.0546875