0 0.46796875 0.45234375 0.0875 0.190625
0 0.6859375 0.48984375 0.071875 0.13125
0 0.7328125 0.5 0.08125 0.134375
0 0.65078125 0.478125 0.0640625 0.109375
0 0.81484375 0.5171875 0.05 0.0953125
0 0.8890625 0.5890625 0.0734375 0.16875
1 0.171875 0.425 0.2140625 0.1828125
1 0.0421875 0.4125 0.08125 0.096875
1 0.20234375 0.30703125 0.21875 0.1515625
1 0.5125 0.409375 0.546875 0.4875
1 0.85625 0.84453125 0.2125 0.3109375
1 0.68359375 0.62109375 0.1578125 0.1859375
1 0.81015625 0.59140625 0.0984375 0.1046875