1 0.80234375 0.36171875 0.08125 0.08203125
1 0.85 0.39453125 0.03203125 0.05703125
1 0.7171875 0.27421875 0.05234375 0.0515625
1 0.678125 0.23828125 0.04296875 0.05390625
1 0.42265625 0.409375 0.06953125 0.09375
1 0.4453125 0.2625 0.046875 0.04609375
1 0.05703125 0.47578125 0.1125 0.1046875
1 0.121875 0.4046875 0.0953125 0.0796875
1 0.18203125 0.3609375 0.07890625 0.06796875
1 0.215625 0.3171875 0.04375 0.0515625
1 0.26484375 0.31640625 0.071875 0.05625
1 0.28203125 0.27890625 0.06875 0.03984375
1 0.3703125 0.25703125 0.0609375 0.03671875
1 0.33828125 0.246875 0.03671875 0.0515625
1 0.2671875 0.49609375 0.196875 0.3421875
1 0.40703125 0.5125 0.05 0.06640625
1 0.1296875 0.48203125 0.04765625 0.05625
0 0.40390625 0.47265625 0.0375 0.059375
0 0.12421875 0.446875 0.025 0.046875
0 0.15390625 0.39765625 0.03046875 0.078125
0 0.69765625 0.321875 0.01875 0.06328125
0 0.83828125 0.31953125 0.02734375 0.07109375
0 0.7328125 0.33203125 0.0203125 0.05546875
0 0.74609375 0.334375 0.01171875 0.05625
0 0.7578125 0.33359375 0.0171875 0.0640625
0 0.12890625 0.3296875 0.03125 0.059375
0 0.07421875 0.35546875 0.02421875 0.06640625