1 0.41953125 0.63515625 0.2390625 0.171875
1 0.29296875 0.86015625 0.1375 0.1484375
1 0.2171875 0.5390625 0.1421875 0.1109375
1 0.50625 0.05703125 0.246875 0.1140625
1 0.30390625 0.31953125 0.11875 0.0859375
1 0.4125 0.115625 0.1734375 0.109375
0 0.734375 0.02890625 0.24375 0.0578125
0 0.22578125 0.2015625 0.13125 0.0453125
0 0.2609375 0.1703125 0.1359375 0.046875
0 0.25078125 0.121875 0.125 0.0421875
0 0.22578125 0.15078125 0.090625 0.0296875
0 0.2390625 0.3109375 0.08125 0.0421875
1 0.1625 0.378125 0.075 0.065625
0 0.17265625 0.08984375 0.115625 0.0390625
0 0.11796875 0.37421875 0.0671875 0.0359375
1 0.7984375 0.78671875 0.403125 0.4140625