1 0.88359375 0.49921875 0.0984375 0.0921875
1 0.825 0.44765625 0.06796875 0.06953125
1 0.47265625 0.40703125 0.04375 0.05
1 0.6390625 0.33984375 0.03046875 0.05
1 0.4609375 0.3578125 0.028125 0.04765625
1 0.3671875 0.3421875 0.0375 0.03125
1 0.409375 0.3375 0.021875 0.03828125
1 0.66328125 0.30390625 0.0296875 0.03203125
1 0.6359375 0.28203125 0.02421875 0.03125
1 0.5109375 0.28125 0.021875 0.02578125
1 0.4796875 0.31328125 0.02265625 0.025
1 0.390625 0.31875 0.02578125 0.03046875
0 0.14921875 0.571875 0.0421875 0.08828125
0 0.96171875 0.4953125 0.02734375 0.0828125
0 0.72734375 0.3578125 0.0203125 0.040625
0 0.284375 0.41171875 0.015625 0.04609375