1 0.17109375 0.81015625 0.196875 0.203125
0 0.0296875 0.73515625 0.040625 0.1234375
1 0.403125 0.61015625 0.09375 0.1125
1 0.6859375 0.44453125 0.0609375 0.090625
1 0.86328125 0.471875 0.0953125 0.09375
1 0.8390625 0.534375 0.071875 0.109375
1 0.6109375 0.365625 0.040625 0.0546875
1 0.728125 0.3609375 0.05 0.071875
1 0.215625 0.4796875 0.0828125 0.0828125
1 0.340625 0.3734375 0.0328125 0.0421875
1 0.359375 0.353125 0.0328125 0.0328125
1 0.38828125 0.3328125 0.0375 0.0296875
1 0.45703125 0.325 0.0328125 0.040625
0 0.13359375 0.55546875 0.0359375 0.08125
0 0.134375 0.50390625 0.0296875 0.0546875
0 0.79921875 0.378125 0.021875 0.0578125
1 0.67265625 0.36640625 0.0296875 0.05625
1 0.65078125 0.30703125 0.0265625 0.0359375
1 0.42421875 0.35625 0.0203125 0.0375
1 0.4078125 0.35 0.0203125 0.0328125