1 0.93203125 0.1703125 0.1359375 0.23125
1 0.50234375 0.1671875 0.0953125 0.1
1 0.4125 0.29453125 0.053125 0.053125
1 0.46640625 0.559375 0.0953125 0.0734375
1 0.375 0.33828125 0.053125 0.028125
1 0.4328125 0.22578125 0.040625 0.0296875
1 0.33359375 0.34453125 0.0296875 0.021875
1 0.3375 0.3609375 0.034375 0.0203125
1 0.3140625 0.3859375 0.1078125 0.05625
1 0.3828125 0.6921875 0.0703125 0.0671875
1 0.328125 0.61171875 0.0421875 0.0390625
1 0.31484375 0.58046875 0.0359375 0.0359375
1 0.28515625 0.51953125 0.025 0.025
1 0.3140625 0.49453125 0.040625 0.03125
0 0.48203125 0.8125 0.075 0.03125
0 0.4640625 0.78828125 0.075 0.034375
0 0.41640625 0.8375 0.065625 0.0265625
0 0.41953125 0.8234375 0.0640625 0.028125
0 0.37578125 0.63515625 0.0453125 0.028125
0 0.5328125 0.06640625 0.06875 0.034375
0 0.43515625 0.18671875 0.0453125 0.0203125
0 0.35859375 0.2921875 0.0328125 0.015625
0 0.3609375 0.284375 0.0328125 0.015625
1 0.39765625 0.63515625 0.025 0.025