1 0.240625 0.7546875 0.128125 0.259375
1 0.86953125 0.5859375 0.1265625 0.165625
1 0.45234375 0.178125 0.053125 0.075
1 0.53671875 0.12578125 0.040625 0.0671875
1 0.54453125 0.25546875 0.0359375 0.0578125
1 0.20546875 0.60546875 0.05625 0.065625
1 0.08671875 0.73125 0.1734375 0.5375
0 0.20390625 0.5328125 0.0484375 0.0828125
0 0.54296875 0.2125 0.034375 0.0453125
0 0.87734375 0.515625 0.046875 0.0765625
0 0.915625 0.45390625 0.0515625 0.15625
0 0.95 0.440625 0.0359375 0.146875
0 0.98046875 0.44375 0.0390625 0.15625
0 0.8703125 0.309375 0.0296875 0.1015625
0 0.9234375 0.30625 0.0265625 0.1015625
0 0.09296875 0.278125 0.028125 0.0546875
0 0.04609375 0.2796875 0.0296875 0.0421875
0 0.340625 0.21484375 0.0328125 0.0453125
1 0.20234375 0.2546875 0.1265625 0.23125
1 0.45859375 0.10234375 0.0359375 0.0609375
1 0.49453125 0.059375 0.071875 0.109375
1 0.73984375 0.440625 0.0703125 0.1125
1 0.6984375 0.353125 0.05625 0.071875
0 0.7453125 0.36875 0.0359375 0.0578125
0 0.70625 0.296875 0.0296875 0.0609375
0 0.79140625 0.30546875 0.040625 0.1140625
0 0.9046875 0.365625 0.03125 0.05
0 0.98046875 0.3265625 0.025 0.0640625
1 0.28984375 0.18984375 0.0328125 0.0453125
1 0.34296875 0.253125 0.040625 0.0484375
1 0.046875 0.3296875 0.03125 0.0578125
1 0.09296875 0.33515625 0.0609375 0.0625
1 0.3125 0.16953125 0.01875 0.0390625
1 0.63203125 0.2125 0.0453125 0.059375