1 0.4015625 0.5109375 0.803125 0.70625
1 0.33046875 0.79609375 0.2125 0.15
1 0.26328125 0.93125 0.19375 0.0953125
1 0.79921875 0.559375 0.078125 0.0515625
1 0.74453125 0.6828125 0.0765625 0.0734375
1 0.890625 0.7703125 0.1078125 0.090625
1 0.78203125 0.86640625 0.1703125 0.1390625
1 0.5921875 0.8765625 0.15 0.1046875
0 0.890625 0.19765625 0.1234375 0.0640625
0 0.8 0.69921875 0.0796875 0.0484375
0 0.353125 0.83203125 0.221875 0.1265625
0 0.61640625 0.98125 0.1296875 0.0375
0 0.7109375 0.8875 0.1171875 0.05625
0 0.85 0.56953125 0.0625 0.0421875
0 0.46875 0.87421875 0.08125 0.0484375