0 0.68671875 0.440625 0.06875 0.1734375
0 0.7265625 0.4453125 0.0546875 0.12421875
0 0.11796875 0.48203125 0.071875 0.22890625
0 0.16640625 0.45625 0.075 0.20859375
0 0.5359375 0.45625 0.0640625 0.103125
0 0.8109375 0.44609375 0.0390625 0.090625
0 0.86796875 0.4546875 0.03203125 0.084375
0 0.940625 0.453125 0.0453125 0.09296875
1 0.115625 0.62890625 0.23046875 0.30703125
1 0.528125 0.53828125 0.0703125 0.12578125
1 0.71640625 0.58984375 0.13828125 0.17890625
1 0.24453125 0.49609375 0.1 0.19453125
1 0.43828125 0.49140625 0.11953125 0.08828125
1 0.334375 0.48203125 0.08984375 0.12265625