1 0.84921875 0.14296875 0.1203125 0.096875
1 0.6875 0.06171875 0.1265625 0.0859375
1 0.56796875 0.1421875 0.1171875 0.1078125
1 0.44453125 0.3140625 0.0703125 0.0609375
1 0.4125 0.36484375 0.0765625 0.0671875
1 0.3453125 0.39140625 0.05 0.04375
1 0.33671875 0.34765625 0.0828125 0.0625
1 0.42265625 0.72890625 0.090625 0.0703125
1 0.3828125 0.69375 0.090625 0.090625
1 0.31953125 0.59765625 0.04375 0.05
1 0.30703125 0.54765625 0.059375 0.053125
1 0.31171875 0.46796875 0.0546875 0.046875
0 0.4765625 0.7890625 0.0734375 0.0421875
0 0.4765625 0.809375 0.08125 0.0421875
0 0.47734375 0.88828125 0.096875 0.0578125
0 0.49140625 0.94375 0.0765625 0.0453125
0 0.48828125 0.9765625 0.0890625 0.046875
0 0.6140625 0.97109375 0.115625 0.0578125
0 0.60234375 0.984375 0.1171875 0.03125
0 0.64375 0.12109375 0.090625 0.05625
1 0.45859375 0.39140625 0.0484375 0.040625
0 0.36875 0.6375 0.0578125 0.034375