0 0.46171875 0.54296875 0.1859375 0.05625
0 0.4453125 0.321875 0.1265625 0.0515625
0 0.44375 0.27421875 0.1265625 0.0609375
0 0.4421875 0.35859375 0.1046875 0.046875
0 0.440625 0.18984375 0.0921875 0.034375
0 0.4921875 0.10078125 0.165625 0.046875
1 0.50625 0.83671875 0.153125 0.1921875
1 0.52578125 0.965625 0.0859375 0.06875
1 0.38515625 0.83515625 0.11875 0.203125
1 0.40859375 0.51015625 0.4125 0.4890625
1 0.79375 0.06640625 0.3875 0.1328125
1 0.5734375 0.29296875 0.1671875 0.1328125
1 0.5140625 0.1765625 0.0921875 0.084375