1 0.396875 0.58984375 0.059375 0.05
1 0.45 0.78046875 0.0875 0.0734375
1 0.4109375 0.67890625 0.084375 0.0578125
1 0.3890625 0.28203125 0.053125 0.0328125
1 0.328125 0.33828125 0.0515625 0.040625
1 0.50859375 0.134375 0.0828125 0.0953125
1 0.4109375 0.35234375 0.0359375 0.0234375
1 0.5484375 0.7421875 0.046875 0.0296875
1 0.334375 0.58203125 0.0375 0.0296875
1 0.3546875 0.64765625 0.0390625 0.0328125
0 0.5921875 0.1125 0.096875 0.0421875
0 0.60078125 0.07734375 0.090625 0.0296875
0 0.6125 0.04921875 0.08125 0.0328125
0 0.5125 0.2015625 0.0578125 0.028125
0 0.5078125 0.74140625 0.0421875 0.0296875
0 0.52734375 0.93203125 0.0828125 0.0375
0 0.46171875 0.8671875 0.06875 0.028125
0 0.43125 0.8203125 0.04375 0.01875
0 0.3921875 0.35078125 0.0234375 0.0171875
0 0.4578125 0.2046875 0.053125 0.025
0 0.44765625 0.1875 0.0484375 0.021875
0 0.4875 0.07890625 0.0703125 0.021875
0 0.45 0.125 0.046875 0.01875
0 0.52734375 0.028125 0.0671875 0.025
0 0.5359375 0.0421875 0.0625 0.01875
0 0.5359375 0.05546875 0.0484375 0.021875
1 0.3 0.41015625 0.0265625 0.01875
1 0.28984375 0.39921875 0.0234375 0.0171875