1 0.828125 0.44921875 0.0859375 0.0890625
1 0.39609375 0.590625 0.08828125 0.15234375
1 0.29296875 0.4109375 0.065625 0.059375
1 0.365625 0.346875 0.0390625 0.040625
1 0.66875 0.3453125 0.0328125 0.05546875
1 0.30078125 0.5484375 0.04140625 0.06796875
1 0.34453125 0.48515625 0.03515625 0.0359375
1 0.44375 0.421875 0.0234375 0.04296875
1 0.71171875 0.38515625 0.028125 0.05078125
1 0.42890625 0.353125 0.025 0.03046875
1 0.87265625 0.4953125 0.05 0.0640625
0 0.9703125 0.55703125 0.03671875 0.09375
0 0.04765625 0.6046875 0.03515625 0.07109375
0 0.05078125 0.67734375 0.046875 0.096875
0 0.01640625 0.68046875 0.03203125 0.09765625
0 0.1453125 0.4671875 0.0328125 0.0625
0 0.26875 0.453125 0.0296875 0.06171875