1 0.12109375 0.6578125 0.10625 0.1640625
1 0.83203125 0.4828125 0.084375 0.08125
1 0.75859375 0.3984375 0.0546875 0.05625
1 0.21484375 0.45859375 0.0828125 0.071875
1 0.3796875 0.3328125 0.034375 0.0328125
1 0.4109375 0.315625 0.03125 0.034375
1 0.68203125 0.30859375 0.0234375 0.0328125
1 0.45390625 0.34765625 0.015625 0.0234375
0 0.03203125 0.60078125 0.0515625 0.103125
0 0.1859375 0.48671875 0.03125 0.0765625
0 0.978125 0.53671875 0.0328125 0.0859375
0 0.89453125 0.48828125 0.025 0.0671875
0 0.784375 0.4421875 0.0296875 0.0578125
0 0.89296875 0.44921875 0.0203125 0.0328125
0 0.80234375 0.3953125 0.0265625 0.053125
0 0.85703125 0.4453125 0.0203125 0.05
0 0.86796875 0.44375 0.0171875 0.0421875
0 0.3703125 0.3796875 0.025 0.046875
0 0.24140625 0.39296875 0.028125 0.04375
0 0.33984375 0.38046875 0.0234375 0.0546875