1 0.39453125 0.1609375 0.128125 0.13125
1 0.6046875 0.8125 0.0984375 0.0984375
1 0.540625 0.96171875 0.0875 0.0765625
1 0.35859375 0.875 0.109375 0.09375
1 0.48203125 0.2375 0.078125 0.1
1 0.58046875 0.38515625 0.0640625 0.0453125
1 0.66640625 0.7203125 0.065625 0.059375
1 0.50390625 0.8484375 0.0765625 0.053125
1 0.6515625 0.36015625 0.0421875 0.040625
0 0.3453125 0.071875 0.090625 0.053125
0 0.41796875 0.86328125 0.0765625 0.05625
0 0.5453125 0.8390625 0.05625 0.04375
0 0.6046875 0.96484375 0.0734375 0.046875
0 0.61875 0.91328125 0.0796875 0.0359375
0 0.63046875 0.88515625 0.078125 0.0421875
0 0.6328125 0.846875 0.0578125 0.0328125
0 0.55390625 0.3078125 0.0484375 0.025
0 0.46953125 0.14609375 0.0453125 0.0265625
0 0.45390625 0.1171875 0.040625 0.025
1 0.6015625 0.42109375 0.040625 0.03125
1 0.6390625 0.42890625 0.028125 0.0265625
1 0.734375 0.6203125 0.03125 0.0296875