0 0.9859375 0.53203125 0.028125 0.0828125
0 0.78515625 0.60859375 0.028125 0.04609375
0 0.8796875 0.525 0.02578125 0.040625
0 0.87421875 0.4328125 0.015625 0.04375
0 0.8890625 0.42734375 0.01640625 0.0515625
0 0.7765625 0.4203125 0.025 0.05390625
0 0.6203125 0.690625 0.028125 0.12578125
0 0.60625 0.61796875 0.0203125 0.053125
0 0.10234375 0.58359375 0.03515625 0.084375
0 0.03984375 0.6265625 0.03203125 0.08515625
0 0.009375 0.6953125 0.01875 0.1078125
0 0.03046875 0.69453125 0.03046875 0.0875
0 0.29609375 0.4828125 0.02421875 0.034375
0 0.04609375 0.53828125 0.02265625 0.07734375
0 0.02578125 0.540625 0.021875 0.0828125
0 0.17109375 0.44296875 0.02421875 0.0609375
0 0.28125 0.4375 0.0203125 0.05
0 0.18515625 0.48359375 0.025 0.03828125
0 0.40546875 0.37109375 0.0140625 0.02578125
0 0.3453125 0.38828125 0.01484375 0.046875
0 0.33125 0.37890625 0.0140625 0.0421875
0 0.1203125 0.4625 0.01484375 0.05
0 0.14375 0.4625 0.02109375 0.0359375
1 0.7859375 0.665625 0.0578125 0.078125
1 0.87265625 0.565625 0.065625 0.071875
1 0.2953125 0.51875 0.03984375 0.040625
1 0.1765625 0.51796875 0.071875 0.0484375
1 0.44296875 0.35078125 0.0421875 0.04765625
1 0.4046875 0.3921875 0.02109375 0.02265625
1 0.865625 0.4859375 0.0921875 0.07890625
1 0.7359375 0.36875 0.046875 0.05859375
1 0.63359375 0.30546875 0.01953125 0.03046875
1 0.59296875 0.30546875 0.02421875 0.03046875
1 0.36796875 0.34453125 0.03203125 0.03125
1 0.396875 0.32734375 0.0265625 0.034375
1 0.503125 0.2921875 0.02578125 0.0296875
1 0.6078125 0.29296875 0.01875 0.02421875