1 0.35703125 0.4484375 0.078125 0.1203125
1 0.2265625 0.809375 0.109375 0.2
0 0.3453125 0.34453125 0.090625 0.0875
0 0.19921875 0.6515625 0.1109375 0.1265625
0 0.5953125 0.1765625 0.046875 0.0359375
0 0.61015625 0.2046875 0.059375 0.065625
1 0.4375 0.19609375 0.128125 0.1984375
1 0.61953125 0.28359375 0.0875 0.096875
1 0.4140625 0.8 0.228125 0.4
0 0.66328125 0.13828125 0.071875 0.134375
1 0.74453125 0.23203125 0.1328125 0.190625
1 0.528125 0.15 0.1015625 0.159375
0 0.87109375 0.28125 0.0578125 0.146875
0 0.95546875 0.51484375 0.084375 0.2390625
0 0.9484375 0.2671875 0.065625 0.1640625
1 0.37421875 0.078125 0.084375 0.1140625
0 0.44765625 0.071875 0.0484375 0.0484375
0 0.5453125 0.0359375 0.0578125 0.046875
0 0.61484375 0.065625 0.065625 0.109375