1 0.3640625 0.43125 0.065625 0.1125
1 0.190625 0.7734375 0.0875 0.190625
0 0.365625 0.3265625 0.08125 0.078125
0 0.1828125 0.6140625 0.096875 0.115625
0 0.634375 0.190625 0.04375 0.03125
0 0.6453125 0.2203125 0.053125 0.059375
1 0.475 0.190625 0.10625 0.1875
1 0.6453125 0.3 0.078125 0.0875
1 0.378125 0.7921875 0.18125 0.390625
0 0.70625 0.1609375 0.05625 0.128125
1 0.775 0.2640625 0.1125 0.178125
1 0.5703125 0.15625 0.084375 0.15
0 0.8953125 0.328125 0.040625 0.14375
0 0.95 0.5703125 0.05625 0.234375
0 0.9734375 0.3234375 0.046875 0.159375
1 0.4265625 0.065625 0.071875 0.10625
0 0.5 0.06875 0.04375 0.04375
0 0.6015625 0.0453125 0.053125 0.040625
0 0.6671875 0.0828125 0.053125 0.103125