1 0.8296875 0.453125 0.08359375 0.08125
1 0.1421875 0.540625 0.1140625 0.09609375
1 0.3265625 0.3921875 0.05078125 0.040625
1 0.59765625 0.36015625 0.046875 0.04765625
1 0.646875 0.36484375 0.0203125 0.04140625
1 0.71953125 0.39921875 0.03515625 0.0390625
1 0.89609375 0.58046875 0.034375 0.06640625
1 0.95859375 0.60234375 0.05 0.08203125
0 0.04609375 0.5359375 0.0375 0.0640625
0 0.01484375 0.5734375 0.0296875 0.08515625
0 0.23671875 0.478125 0.028125 0.06875
0 0.96484375 0.56796875 0.03125 0.06015625
0 0.90078125 0.53828125 0.028125 0.053125
1 0.39296875 0.32421875 0.03203125 0.03828125
1 0.56484375 0.3015625 0.03515625 0.03984375
1 0.75 0.3765625 0.04921875 0.053125