1 0.68984375 0.71328125 0.2109375 0.1734375
1 0.56328125 0.309375 0.2515625 0.159375
1 0.44921875 0.61171875 0.1421875 0.1046875
1 0.35703125 0.43125 0.096875 0.0703125
1 0.46640625 0.78203125 0.309375 0.1859375
1 0.29609375 0.6375 0.109375 0.06875
1 0.24375 0.62734375 0.06875 0.059375
1 0.28671875 0.40078125 0.084375 0.0546875
1 0.3640625 0.3546875 0.0640625 0.04375
1 0.7953125 0.05703125 0.159375 0.1140625
1 0.35546875 0.13046875 0.265625 0.1796875
1 0.4875 0.2078125 0.090625 0.065625
1 0.41953125 0.2984375 0.0453125 0.0453125
0 0.70078125 0.03984375 0.0921875 0.0515625
0 0.67109375 0.08125 0.0921875 0.05
0 0.6359375 0.0421875 0.0421875 0.0453125
0 0.54609375 0.01640625 0.1453125 0.0328125
0 0.5328125 0.05546875 0.1375 0.0515625
0 0.490625 0.0890625 0.1234375 0.046875
0 0.45859375 0.14453125 0.1203125 0.040625
0 0.39296875 0.98671875 0.0984375 0.0265625
0 0.4 0.96328125 0.0953125 0.04375
0 0.38515625 0.3 0.0546875 0.028125
0 0.42890625 0.20234375 0.065625 0.034375