1 0.3203125 0.78359375 0.2140625 0.1484375
1 0.43984375 0.1765625 0.096875 0.06875
1 0.61171875 0.459375 0.059375 0.053125
1 0.4890625 0.8828125 0.0828125 0.0828125
1 0.55 0.80234375 0.059375 0.0546875
1 0.56640625 0.878125 0.115625 0.1078125
1 0.51484375 0.303125 0.0375 0.0453125
1 0.18984375 0.17109375 0.096875 0.0734375
1 0.69921875 0.44375 0.06875 0.05
1 0.75078125 0.54375 0.04375 0.028125
1 0.63515625 0.34296875 0.034375 0.0390625
1 0.66015625 0.3671875 0.0328125 0.0359375
1 0.60390625 0.8125 0.0703125 0.075
1 0.67109375 0.64296875 0.0390625 0.0359375
1 0.68125 0.5890625 0.028125 0.021875
0 0.2484375 0.15625 0.071875 0.040625
0 0.28046875 0.1125 0.0578125 0.0390625
1 0.21484375 0.103125 0.1203125 0.0921875
0 0.54296875 0.3 0.034375 0.025
0 0.509375 0.1703125 0.05 0.0265625
0 0.51484375 0.196875 0.0625 0.0375
0 0.640625 0.85859375 0.046875 0.021875
0 0.64140625 0.834375 0.0421875 0.0203125
1 0.7140625 0.48046875 0.025 0.025
1 0.73046875 0.62734375 0.03125 0.0296875