1 0.48671875 0.5125 0.0765625 0.10234375
1 0.64453125 0.51484375 0.07109375 0.0953125
1 0.7875 0.475 0.071875 0.090625
1 0.93125 0.61796875 0.1375 0.25546875
1 0.83125 0.5234375 0.046875 0.121875
1 0.278125 0.4875 0.215625 0.1359375
1 0.05703125 0.47734375 0.1140625 0.1421875
1 0.584375 0.47578125 0.0828125 0.07109375
1 0.475 0.4796875 0.15 0.090625
0 0.49296875 0.4703125 0.0453125 0.11953125
0 0.64765625 0.4625 0.04296875 0.11015625
0 0.8375 0.43203125 0.03671875 0.09375
0 0.87109375 0.4328125 0.028125 0.0640625
1 0.56015625 0.3921875 0.2125 0.08359375
0 0.14921875 0.4875 0.04375 0.1421875