1 0.3078125 0.7109375 0.1921875 0.2265625
1 0.69609375 0.54296875 0.1828125 0.2640625
1 0.38359375 0.46171875 0.1171875 0.1515625
1 0.553125 0.35078125 0.0796875 0.103125
1 0.21640625 0.49609375 0.215625 0.325
1 0.3421875 0.31171875 0.078125 0.1140625
1 0.34609375 0.25859375 0.065625 0.0734375
1 0.5765625 0.27734375 0.0625 0.0875
1 0.63046875 0.35 0.05 0.06875
1 0.953125 0.74609375 0.09375 0.1703125
1 0.85234375 0.31796875 0.2046875 0.28125
1 0.7890625 0.45703125 0.0734375 0.0953125
1 0.6921875 0.39921875 0.05 0.05
0 0.97421875 0.6515625 0.0515625 0.096875
0 0.934375 0.6265625 0.059375 0.096875
0 0.96953125 0.58671875 0.05 0.046875
0 0.98046875 0.4953125 0.0390625 0.146875
0 0.9453125 0.48671875 0.0640625 0.140625
0 0.9078125 0.4484375 0.059375 0.1265625
0 0.84921875 0.421875 0.053125 0.1234375
0 0.0109375 0.44375 0.021875 0.1
0 0.02890625 0.4484375 0.0515625 0.0984375
0 0.68671875 0.36484375 0.0328125 0.05625
0 0.78828125 0.3984375 0.040625 0.06875