1 0.5578125 0.3640625 0.1609375 0.1046875
1 0.6546875 0.95 0.184375 0.1
1 0.4734375 0.84140625 0.103125 0.1140625
1 0.4203125 0.7609375 0.078125 0.0921875
1 0.35234375 0.5359375 0.053125 0.0453125
1 0.39453125 0.39921875 0.0578125 0.04375
1 0.41875 0.33984375 0.1453125 0.1125
1 0.75234375 0.1484375 0.4953125 0.296875
0 0.4703125 0.1640625 0.0515625 0.0296875
0 0.4703125 0.15234375 0.0640625 0.0234375
0 0.47734375 0.1390625 0.0546875 0.0234375
0 0.390625 0.684375 0.0546875 0.025
1 0.33203125 0.61953125 0.0375 0.040625
1 0.3140625 0.39609375 0.034375 0.0265625
1 0.31015625 0.3671875 0.06875 0.0515625
0 0.409375 0.2171875 0.0484375 0.0234375