1 0.82734375 0.69609375 0.19453125 0.2796875
1 0.64921875 0.44296875 0.06953125 0.13046875
1 0.12421875 0.52890625 0.13359375 0.1421875
1 0.3140625 0.49296875 0.05 0.04296875
1 0.375 0.76953125 0.05546875 0.09921875
0 0.375 0.69140625 0.04765625 0.07890625
1 0.659375 0.365625 0.05390625 0.071875
1 0.62578125 0.26953125 0.03671875 0.05703125
1 0.59453125 0.31015625 0.028125 0.046875
1 0.74921875 0.4171875 0.040625 0.0609375
1 0.61484375 0.22734375 0.040625 0.03828125
1 0.58203125 0.196875 0.04140625 0.046875
1 0.6625 0.1875 0.07109375 0.13203125
0 0.884375 0.41328125 0.02734375 0.0921875
0 0.746875 0.37109375 0.02734375 0.046875
0 0.30625 0.45 0.02265625 0.05
0 0.3171875 0.43828125 0.01484375 0.0421875
0 0.17421875 0.4171875 0.0265625 0.07109375
0 0.13359375 0.4078125 0.0265625 0.065625
0 0.15 0.39765625 0.02265625 0.06796875
0 0.190625 0.38828125 0.02421875 0.0765625
0 0.20703125 0.38359375 0.01875 0.07265625
0 0.8484375 0.40234375 0.02265625 0.09453125
0 0.43359375 0.28671875 0.01953125 0.05
0 0.29765625 0.33515625 0.02421875 0.059375
0 0.259375 0.325 0.0265625 0.05546875
0 0.96953125 0.4453125 0.0296875 0.05390625
0 0.9859375 0.52265625 0.028125 0.1140625
0 0.98125 0.31328125 0.02734375 0.05234375
0 0.97421875 0.3796875 0.0328125 0.046875
0 0.77578125 0.30625 0.01875 0.0640625
0 0.59453125 0.2828125 0.015625 0.0265625