1 0.509375 0.14375 0.13125 0.125
1 0.50546875 0.83046875 0.0796875 0.0765625
1 0.59140625 0.65390625 0.05625 0.03125
1 0.61640625 0.31953125 0.0421875 0.0265625
1 0.61875 0.3453125 0.046875 0.0296875
1 0.6359375 0.34140625 0.040625 0.05625
1 0.675 0.3875 0.0359375 0.034375
1 0.69140625 0.41796875 0.0390625 0.0328125
1 0.66171875 0.69765625 0.0390625 0.0265625
1 0.68671875 0.68671875 0.0265625 0.028125
0 0.53515625 0.25078125 0.06875 0.0328125
0 0.59921875 0.2234375 0.0578125 0.028125
0 0.38515625 0.9203125 0.09375 0.0359375
0 0.42421875 0.859375 0.0875 0.0375
0 0.45 0.978125 0.0765625 0.040625
0 0.53828125 0.86875 0.0515625 0.0265625
0 0.57109375 0.1453125 0.03125 0.025
0 0.57578125 0.13125 0.034375 0.025
0 0.6359375 0.225 0.0296875 0.0234375