1 0.88359375 0.49609375 0.09375 0.09921875
1 0.42421875 0.57890625 0.06328125 0.12421875
1 0.41640625 0.4734375 0.05 0.078125
1 0.82890625 0.4484375 0.06328125 0.07109375
1 0.8875 0.94296875 0.0890625 0.1140625
1 0.47734375 0.36640625 0.034375 0.053125
1 0.35078125 0.55625 0.03515625 0.05546875
1 0.3140625 0.53125 0.02734375 0.05
0 0.884375 0.88984375 0.0421875 0.084375
0 0.8734375 0.84296875 0.04765625 0.07265625
0 0.9671875 0.496875 0.025 0.0734375
0 0.78125 0.440625 0.021875 0.06328125
0 0.79609375 0.4453125 0.01484375 0.059375
0 0.0359375 0.6703125 0.040625 0.0953125
0 0.01015625 0.6734375 0.0203125 0.103125
0 0.35 0.51953125 0.02421875 0.04296875
0 0.31484375 0.49453125 0.0265625 0.03828125
0 0.1640625 0.47421875 0.03046875 0.06796875
1 0.365625 0.34296875 0.0328125 0.03515625
1 0.39296875 0.32109375 0.0265625 0.03515625