1 0.4875 0.48671875 0.1046875 0.078125
1 0.4828125 0.64453125 0.096875 0.0734375
1 0.5203125 0.78828125 0.0921875 0.0734375
1 0.37421875 0.92890625 0.259375 0.1421875
1 0.47109375 0.83046875 0.1234375 0.0484375
1 0.51640625 0.278125 0.1390625 0.2171875
1 0.5296875 0.0578125 0.14375 0.115625
1 0.52265625 0.58515625 0.0734375 0.084375
1 0.52109375 0.475 0.09375 0.1515625
0 0.5296875 0.49375 0.11875 0.046875
0 0.53515625 0.6484375 0.109375 0.0453125
0 0.56171875 0.83828125 0.09375 0.0390625
0 0.5609375 0.871875 0.0640625 0.0296875
1 0.60703125 0.56171875 0.0875 0.2140625
0 0.51875 0.14921875 0.1421875 0.046875