1 0.73515625 0.68984375 0.2421875 0.18125
0 0.61328125 0.8265625 0.0890625 0.05
1 0.49140625 0.634375 0.1640625 0.103125
1 0.53671875 0.7171875 0.103125 0.09375
1 0.68046875 0.81953125 0.0515625 0.040625
0 0.4453125 0.76484375 0.053125 0.04375
0 0.47890625 0.8390625 0.0484375 0.0484375
1 0.534375 0.8296875 0.0609375 0.0703125
1 0.70234375 0.28984375 0.2234375 0.1828125
0 0.53203125 0.06875 0.1203125 0.0609375
0 0.44296875 0.11796875 0.1 0.065625
1 0.38515625 0.45703125 0.140625 0.1078125
0 0.3859375 0.29296875 0.065625 0.0515625
0 0.4046875 0.209375 0.10625 0.0453125
0 0.40234375 0.80078125 0.053125 0.053125
1 0.4453125 0.29765625 0.1 0.075
1 0.43828125 0.703125 0.096875 0.071875
0 0.35234375 0.69140625 0.0453125 0.0625
0 0.315625 0.375 0.0546875 0.05
1 0.3625 0.37421875 0.0421875 0.0453125
0 0.34375 0.25859375 0.090625 0.0359375