1 0.44765625 0.17109375 0.0828125 0.0859375
1 0.546875 0.85703125 0.0984375 0.115625
1 0.3953125 0.675 0.0421875 0.05
1 0.35859375 0.4046875 0.0484375 0.0484375
1 0.3625 0.35546875 0.040625 0.0203125
1 0.3953125 0.28203125 0.0390625 0.034375
1 0.5734375 0.10234375 0.065625 0.0359375
1 0.59453125 0.03984375 0.0828125 0.0515625
0 0.54375 0.953125 0.0640625 0.0390625
0 0.58203125 0.98359375 0.084375 0.03125
0 0.4828125 0.76328125 0.06875 0.0296875
0 0.56015625 0.034375 0.059375 0.0328125
0 0.53125 0.0984375 0.053125 0.0296875
1 0.32578125 0.61015625 0.0375 0.03125
1 0.30078125 0.43828125 0.040625 0.034375
1 0.371875 0.25234375 0.0546875 0.0515625