1 0.55234375 0.5640625 0.153125 0.1078125
1 0.3890625 0.6453125 0.21875 0.1484375
1 0.159375 0.63125 0.1328125 0.1
1 0.0296875 0.571875 0.05625 0.065625
0 0.45625 0.56484375 0.084375 0.053125
0 0.41875 0.55546875 0.0578125 0.025
0 0.34609375 0.19140625 0.1703125 0.0703125
0 0.146875 0.2140625 0.109375 0.034375
0 0.42265625 0.0578125 0.171875 0.0484375
0 0.75859375 0.190625 0.1484375 0.0734375
0 0.86640625 0.09765625 0.2015625 0.059375
0 0.85 0.14765625 0.1953125 0.06875
0 0.24921875 0.16875 0.075 0.0296875
0 0.1265625 0.08515625 0.1203125 0.034375
0 0.10625 0.1640625 0.1109375 0.0328125
0 0.08828125 0.1953125 0.0890625 0.03125
1 0.1046875 0.26796875 0.1140625 0.0953125
1 0.6078125 0.0359375 0.265625 0.071875
1 0.42265625 0.1140625 0.240625 0.0875
0 0.0671875 0.44609375 0.0484375 0.0234375
1 0.11640625 0.44453125 0.0671875 0.0515625
0 0.2609375 0.0515625 0.1203125 0.0421875
0 0.021875 0.22890625 0.04375 0.0265625
1 0.26640625 0.8984375 0.3578125 0.203125