1 0.59375 0.4140625 0.30625 0.1171875
0 0.54375 0.4109375 0.1046875 0.071875
0 0.7734375 0.13203125 0.2875 0.121875
1 0.29765625 0.30546875 0.1609375 0.0765625
0 0.25234375 0.30234375 0.0875 0.059375
1 0.184375 0.465625 0.1453125 0.084375
1 0.4859375 0.10078125 0.2390625 0.096875
0 0.484375 0.05078125 0.203125 0.0765625
1 0.33984375 0.14453125 0.1796875 0.0875
0 0.296875 0.13984375 0.103125 0.065625
1 0.1890625 0.328125 0.121875 0.0640625
0 0.16953125 0.325 0.0625 0.0515625
1 0.13671875 0.20703125 0.115625 0.0984375
1 0.86640625 0.3296875 0.2671875 0.234375