1 0.29140625 0.71640625 0.209375 0.33515625
1 0.41015625 0.33515625 0.12890625 0.1828125
1 0.14921875 0.2125 0.115625 0.125
1 0.4078125 0.17734375 0.09921875 0.1234375
1 0.77578125 0.14765625 0.1125 0.1140625
1 0.50078125 0.20078125 0.03203125 0.0765625
1 0.51484375 0.434375 0.053125 0.1140625
1 0.73203125 0.67265625 0.10078125 0.17578125
1 0.8921875 0.409375 0.14296875 0.2328125
1 0.54453125 0.03828125 0.046875 0.07578125
1 0.5046875 0.1109375 0.05859375 0.09609375
0 0.8546875 0.4875 0.0453125 0.1859375
0 0.75 0.565625 0.0515625 0.13359375
0 0.51484375 0.353125 0.04765625 0.0875
0 0.78046875 0.22109375 0.03515625 0.12890625
0 0.68515625 0.17578125 0.04375 0.1390625
0 0.88203125 0.221875 0.03515625 0.06875