1 0.27421875 0.91953125 0.2265625 0.1609375
1 0.4734375 0.55546875 0.11796875 0.28671875
1 0.7671875 0.68125 0.16171875 0.3390625
1 0.44609375 0.2484375 0.084375 0.17265625
1 0.92109375 0.5828125 0.1578125 0.365625
1 0.62578125 0.190625 0.03828125 0.06796875
1 0.50234375 0.0671875 0.028125 0.04765625
1 0.9015625 0.36015625 0.1 0.0984375
1 0.7984375 0.14375 0.10234375 0.14453125
1 0.73203125 0.09765625 0.04140625 0.103125
0 0.6265625 0.13125 0.034375 0.05
0 0.50078125 0.025 0.02734375 0.03046875
0 0.6515625 0.02265625 0.02265625 0.0359375
0 0.8015625 0.22265625 0.03671875 0.13359375
0 0.928125 0.2234375 0.0203125 0.08125
0 0.9796875 0.3015625 0.03203125 0.10859375
0 0.94765625 0.3 0.0296875 0.10234375
0 0.959375 0.234375 0.02109375 0.03828125
0 0.93046875 0.15546875 0.02578125 0.08828125
0 0.8671875 0.14375 0.025 0.10546875
0 0.8703125 0.28359375 0.02265625 0.05625
1 0.4359375 0.0328125 0.053125 0.065625
1 0.20234375 0.0640625 0.084375 0.08359375
1 0.6515625 0.06640625 0.01953125 0.0328125
1 0.72109375 0.23671875 0.06171875 0.134375