1 0.54453125 0.83046875 0.0828125 0.0734375
1 0.46875 0.14140625 0.1078125 0.1203125
1 0.61484375 0.3296875 0.0421875 0.05
1 0.490625 0.4140625 0.040625 0.025
1 0.48984375 0.34765625 0.0375 0.03125
1 0.28515625 0.95625 0.1 0.08125
1 0.5359375 0.76953125 0.05625 0.0359375
1 0.57265625 0.71015625 0.0296875 0.0203125
1 0.05703125 0.1953125 0.1046875 0.0515625
1 0.12265625 0.14765625 0.1359375 0.0578125
0 0.36015625 0.9484375 0.06875 0.0328125
0 0.490625 0.990625 0.084375 0.01875
0 0.52421875 0.41484375 0.04375 0.0265625
0 0.525 0.34296875 0.03125 0.025
0 0.54609375 0.25234375 0.0609375 0.0171875
0 0.54375 0.2359375 0.059375 0.0234375
0 0.54375 0.14765625 0.04375 0.0265625
0 0.4875 0.06328125 0.08125 0.0296875
0 0.52109375 0.10703125 0.025 0.0171875
0 0.5921875 0.83359375 0.03125 0.0125
0 0.58671875 0.84453125 0.0359375 0.0125
0 0.59609375 0.709375 0.0296875 0.0171875
1 0.671875 0.415625 0.034375 0.025
1 0.659375 0.3703125 0.0359375 0.034375
0 0.13984375 0.12578125 0.09375 0.0375
0 0.0609375 0.16328125 0.0953125 0.046875