0 0.14375 0.19375 0.05625 0.128125
0 0.2453125 0.1390625 0.046875 0.109375
0 0.27109375 0.14453125 0.0359375 0.090625
1 0.37109375 0.353125 0.3453125 0.6375
1 0.6359375 0.66328125 0.0921875 0.16875
1 0.88203125 0.96328125 0.1109375 0.0734375
1 0.8984375 0.62109375 0.203125 0.3734375
1 0.91640625 0.3953125 0.1109375 0.10625
1 0.57265625 0.290625 0.05625 0.090625
1 0.8296875 0.17890625 0.1171875 0.1625
1 0.3015625 0.04375 0.090625 0.0875
0 0.64921875 0.5546875 0.0625 0.1078125
0 0.88515625 0.87890625 0.1109375 0.1828125
0 0.57734375 0.228125 0.0359375 0.0640625
0 0.7109375 0.21640625 0.0359375 0.1171875
0 0.73359375 0.240625 0.0375 0.1203125
0 0.98046875 0.43125 0.0359375 0.059375
0 0.884375 0.3109375 0.0390625 0.0640625
0 0.790625 0.2140625 0.040625 0.1234375
0 0.82109375 0.22421875 0.04375 0.10625
0 0.971875 0.325 0.0421875 0.1265625
0 0.93984375 0.3046875 0.0390625 0.0875
0 0.915625 0.271875 0.0359375 0.0828125
0 0.7484375 0.12890625 0.0265625 0.0578125