1 0.1359375 0.690625 0.09296875 0.15703125
1 0.82890625 0.45390625 0.07890625 0.075
1 0.7484375 0.3765625 0.05078125 0.0515625
1 0.2125 0.48359375 0.07890625 0.065625
1 0.365625 0.34375 0.03203125 0.0296875
1 0.3953125 0.32421875 0.028125 0.0328125
1 0.66484375 0.29375 0.0203125 0.03125
1 0.440625 0.35234375 0.0140625 0.02109375
0 0.04296875 0.64140625 0.04375 0.09921875
0 0.1859375 0.5140625 0.025 0.07421875
0 0.9796875 0.49453125 0.025 0.084375
0 0.8921875 0.45390625 0.01953125 0.06640625
0 0.778125 0.41796875 0.02421875 0.05625
0 0.88671875 0.41484375 0.0171875 0.03046875
0 0.7921875 0.36953125 0.021875 0.0515625
0 0.85078125 0.4140625 0.015625 0.0484375
0 0.86171875 0.41171875 0.0140625 0.040625
0 0.36015625 0.39140625 0.02265625 0.0453125
0 0.2328125 0.415625 0.02421875 0.0421875
0 0.3296875 0.39453125 0.01875 0.053125