1 0.33125 0.75078125 0.1984375 0.2515625
0 0.184375 0.64140625 0.0578125 0.090625
1 0.365625 0.503125 0.1140625 0.16875
1 0.28671875 0.55546875 0.1 0.109375
1 0.19765625 0.70703125 0.0453125 0.053125
0 0.23125 0.46875 0.046875 0.0546875
0 0.1609375 0.50859375 0.0515625 0.0515625
1 0.175 0.5625 0.0734375 0.065625
1 0.7265625 0.68359375 0.1984375 0.234375
0 0.9328125 0.49453125 0.0703125 0.1234375
0 0.87578125 0.41015625 0.0734375 0.103125
1 0.5328125 0.38203125 0.1171875 0.1453125
0 0.69609375 0.36796875 0.0546875 0.06875
0 0.78125 0.3796875 0.053125 0.1078125
0 0.19140625 0.42890625 0.05625 0.0578125
1 0.696875 0.428125 0.08125 0.103125
1 0.29296875 0.45625 0.078125 0.1015625
0 0.296875 0.36953125 0.0640625 0.05
0 0.60859375 0.30546875 0.053125 0.0578125
1 0.61328125 0.35234375 0.046875 0.0453125
0 0.7265625 0.3234375 0.0421875 0.090625