1 0.48125 0.11640625 0.153125 0.1546875
1 0.66875 0.73125 0.1953125 0.121875
1 0.91328125 0.73359375 0.1734375 0.2265625
1 0.75390625 0.859375 0.109375 0.05625
1 0.76796875 0.93515625 0.2046875 0.103125
1 0.3296875 0.2109375 0.103125 0.0875
1 0.25703125 0.30234375 0.059375 0.0515625
1 0.22578125 0.34453125 0.059375 0.0421875
1 0.5125 0.93984375 0.11875 0.1203125
1 0.43984375 0.828125 0.1234375 0.0984375
1 0.43359375 0.89453125 0.0765625 0.0828125
1 0.34296875 0.778125 0.0578125 0.0796875
1 0.32734375 0.6953125 0.065625 0.0515625
1 0.33515625 0.63828125 0.0890625 0.0609375
1 0.29921875 0.575 0.065625 0.0484375
1 0.37421875 0.59140625 0.046875 0.03125
1 0.3859375 0.2921875 0.071875 0.05
0 0.70078125 0.8703125 0.0953125 0.0546875
0 0.43671875 0.9640625 0.0625 0.0359375
0 0.4203125 0.9453125 0.0640625 0.034375
0 0.37421875 0.89609375 0.0640625 0.0328125
0 0.37890625 0.7609375 0.0671875 0.034375
0 0.31015625 0.14453125 0.0765625 0.0359375
0 0.27734375 0.1890625 0.0375 0.021875