1 0.6953125 0.7640625 0.16796875 0.27421875
1 0.91328125 0.82421875 0.0828125 0.1078125
1 0.67421875 0.5984375 0.03984375 0.05546875
1 0.71171875 0.55625 0.0609375 0.12109375
1 0.13203125 0.93125 0.18203125 0.1375
1 0.0390625 0.84140625 0.06171875 0.08515625
1 0.18046875 0.7375 0.11875 0.17734375
1 0.34296875 0.759375 0.125 0.13515625
1 0.28203125 0.609375 0.08984375 0.1140625
1 0.16875 0.58984375 0.09375 0.13671875
1 0.3171875 0.50703125 0.07265625 0.0921875
1 0.33671875 0.4359375 0.05546875 0.053125
1 0.24375 0.5125 0.0515625 0.09375
1 0.61484375 0.45859375 0.03125 0.04609375
1 0.5640625 0.3765625 0.03203125 0.059375
1 0.521875 0.3875 0.0484375 0.06328125
1 0.5234375 0.31484375 0.03046875 0.059375
1 0.34453125 0.39140625 0.05390625 0.04609375
1 0.39140625 0.5703125 0.11015625 0.2046875
1 0.0296875 0.72265625 0.059375 0.090625
1 0.08828125 0.62890625 0.06640625 0.08203125
0 0.88203125 0.56953125 0.03203125 0.11015625
0 0.90703125 0.7390625 0.0375 0.071875
0 0.0390625 0.76875 0.046875 0.0828125
0 0.03203125 0.63125 0.0203125 0.05
0 0.67890625 0.553125 0.0203125 0.04765625
0 0.8265625 0.4765625 0.03125 0.05234375
0 0.73359375 0.4671875 0.02109375 0.06875
0 0.86640625 0.4859375 0.028125 0.04609375