1 0.2515625 0.21640625 0.1953125 0.1515625
1 0.64140625 0.87578125 0.265625 0.184375
1 0.43203125 0.83125 0.11875 0.0953125
1 0.60859375 0.621875 0.0625 0.0484375
1 0.56171875 0.23671875 0.1078125 0.0828125
1 0.62578125 0.28671875 0.0796875 0.0625
1 0.73515625 0.44921875 0.0625 0.0578125
1 0.7875 0.53671875 0.0734375 0.0578125
1 0.68359375 0.765625 0.08125 0.0703125
1 0.62265625 0.4171875 0.0859375 0.0734375
1 0.6796875 0.38359375 0.0703125 0.065625
1 0.71875 0.3015625 0.134375 0.115625
1 0.64296875 0.22109375 0.0703125 0.0578125
1 0.525 0.73125 0.0765625 0.046875
1 0.61015625 0.74140625 0.0640625 0.0578125
1 0.66796875 0.6765625 0.05625 0.0453125
1 0.684375 0.6265625 0.0484375 0.040625
0 0.47109375 0.978125 0.1328125 0.04375
0 0.48828125 0.8421875 0.0828125 0.04375
0 0.5703125 0.728125 0.0671875 0.0328125