1 0.88125 0.5390625 0.1078125 0.1015625
1 0.82890625 0.48203125 0.075 0.075
1 0.4828125 0.4046875 0.0484375 0.0546875
1 0.6546875 0.35546875 0.0359375 0.053125
1 0.47578125 0.3546875 0.0328125 0.05
1 0.384375 0.32890625 0.040625 0.034375
1 0.4265625 0.32890625 0.025 0.0390625
1 0.6828125 0.321875 0.0328125 0.034375
1 0.6578125 0.29765625 0.028125 0.034375
1 0.53359375 0.28359375 0.025 0.0265625
1 0.49921875 0.3125 0.025 0.0265625
1 0.41015625 0.30859375 0.028125 0.034375
0 0.14375 0.53515625 0.0515625 0.0921875
0 0.959375 0.54375 0.0359375 0.0859375
0 0.740625 0.38203125 0.025 0.0421875
0 0.29453125 0.38984375 0.0203125 0.0484375