1 0.34140625 0.809375 0.1 0.21171875
1 0.76015625 0.5984375 0.046875 0.0671875
1 0.0390625 0.7515625 0.078125 0.13671875
1 0.21328125 0.48359375 0.08515625 0.07578125
1 0.8296875 0.45234375 0.0765625 0.071875
1 0.75078125 0.37421875 0.05625 0.0640625
1 0.24765625 0.64140625 0.05234375 0.06953125
1 0.37578125 0.559375 0.040625 0.0484375
1 0.4578125 0.34765625 0.0359375 0.03515625
1 0.38359375 0.47265625 0.03203125 0.0421875
1 0.40546875 0.40625 0.021875 0.02734375
0 0.1171875 0.58515625 0.0234375 0.07890625
0 0.0390625 0.5390625 0.0390625 0.07734375
0 0.76171875 0.55625 0.03125 0.06484375
0 0.971875 0.4875 0.03359375 0.08125
0 0.14609375 0.4859375 0.034375 0.0734375
0 0.23984375 0.61171875 0.034375 0.05390625
0 0.37578125 0.52265625 0.028125 0.04453125