1 0.56953125 0.86640625 0.075 0.0546875
0 0.27578125 0.09296875 0.0953125 0.0515625
0 0.3171875 0.18671875 0.1 0.046875
0 0.38203125 0.13828125 0.046875 0.0265625
0 0.48046875 0.18125 0.06875 0.0328125
0 0.484375 0.22890625 0.040625 0.03125
0 0.64609375 0.7515625 0.05 0.0265625
0 0.6640625 0.69609375 0.0453125 0.0234375
1 0.45625 0.2375 0.046875 0.0453125
1 0.3515625 0.1734375 0.121875 0.1203125
0 0.43359375 0.11640625 0.0609375 0.03125
1 0.571875 0.29921875 0.05625 0.0671875
1 0.60703125 0.32578125 0.0390625 0.0390625
1 0.63203125 0.34453125 0.0328125 0.034375
1 0.65546875 0.3703125 0.0328125 0.0296875
1 0.6546875 0.41171875 0.034375 0.0296875
0 0.5421875 0.23046875 0.046875 0.0265625