0 0.41796875 0.04453125 0.1078125 0.0578125
0 0.5375 0.1328125 0.065625 0.0296875
0 0.5484375 0.115625 0.0671875 0.034375
0 0.3609375 0.971875 0.0859375 0.0375
0 0.50078125 0.80859375 0.0625 0.025
0 0.48984375 0.9046875 0.0609375 0.0265625
0 0.490625 0.88984375 0.0609375 0.028125
0 0.5234375 0.8671875 0.0609375 0.0265625
0 0.51875 0.8828125 0.0546875 0.021875
0 0.578125 0.81171875 0.0421875 0.0203125
1 0.565625 0.775 0.046875 0.028125
1 0.61328125 0.45859375 0.0515625 0.04375
1 0.61484375 0.30546875 0.071875 0.059375
1 0.6546875 0.375 0.0390625 0.0359375
1 0.67265625 0.3890625 0.03125 0.028125
1 0.49765625 0.83125 0.084375 0.08125
1 0.45234375 0.86953125 0.0609375 0.0390625