0 0.409375 0.50078125 0.671875 0.9984375
0 0.76953125 0.50625 0.0375 0.0765625
0 0.9390625 0.56640625 0.04375 0.1546875
0 0.96640625 0.57421875 0.046875 0.134375
0 0.8921875 0.52265625 0.0375 0.0640625
0 0.85625 0.52421875 0.021875 0.0359375
1 0.77265625 0.57734375 0.078125 0.096875
1 0.8921875 0.57578125 0.0640625 0.06875
1 0.7265625 0.52578125 0.0625 0.0828125
1 0.63125 0.5203125 0.0734375 0.0984375
1 0.0328125 0.48515625 0.065625 0.1015625
1 0.16484375 0.48671875 0.096875 0.096875
1 0.85390625 0.52734375 0.0625 0.096875