1 0.86484375 0.4921875 0.096875 0.09609375
1 0.2125 0.46796875 0.0765625 0.0875
1 0.471875 0.42890625 0.0515625 0.0640625
1 0.42578125 0.40078125 0.034375 0.0546875
1 0.33671875 0.3953125 0.03125 0.053125
1 0.48046875 0.359375 0.03828125 0.06875
1 0.128125 0.60078125 0.07109375 0.06640625
1 0.41015625 0.325 0.03828125 0.03984375
1 0.34921875 0.3625 0.034375 0.040625
1 0.36796875 0.34140625 0.03515625 0.04140625
1 0.4734375 0.2921875 0.0328125 0.05625
0 0.05234375 0.540625 0.034375 0.08046875
0 0.2609375 0.4578125 0.03046875 0.05625
0 0.77578125 0.43046875 0.028125 0.06015625
0 0.80078125 0.4421875 0.01875 0.05234375
0 0.82890625 0.40625 0.028125 0.053125