0 0.459375 0.98515625 0.0828125 0.0296875
0 0.38671875 0.78359375 0.046875 0.0296875
0 0.46875 0.87890625 0.040625 0.025
0 0.5609375 0.875 0.04375 0.015625
0 0.565625 0.890625 0.0515625 0.0171875
0 0.575 0.778125 0.053125 0.0265625
0 0.30703125 0.6171875 0.125 0.0296875
0 0.38046875 0.60390625 0.053125 0.021875
0 0.4234375 0.10078125 0.084375 0.0359375
0 0.38125 0.0375 0.084375 0.0328125
0 0.31328125 0.0078125 0.1078125 0.015625
0 0.3140625 0.02734375 0.0875 0.0328125
0 0.52109375 0.29609375 0.034375 0.025
0 0.46953125 0.0453125 0.078125 0.0234375
0 0.46796875 0.025 0.0828125 0.0234375
0 0.5625 0.171875 0.0609375 0.0265625
0 0.56640625 0.28203125 0.05 0.021875
0 0.521875 0.18515625 0.0375 0.025
0 0.63046875 0.4078125 0.025 0.0140625
0 0.6140625 0.34765625 0.046875 0.0171875
0 0.62421875 0.33359375 0.0421875 0.0140625
0 0.54375 0.12109375 0.05 0.0171875
0 0.54375 0.14453125 0.0359375 0.021875
1 0.3296875 0.7828125 0.0796875 0.059375
1 0.428125 0.87109375 0.0734375 0.0671875
1 0.48515625 0.2953125 0.040625 0.040625
1 0.4875 0.1765625 0.05 0.0734375
1 0.65 0.4453125 0.046875 0.04375
1 0.609375 0.40625 0.021875 0.021875
1 0.5078125 0.865625 0.0796875 0.09375
1 0.62734375 0.73828125 0.0609375 0.0484375
1 0.6921875 0.63671875 0.03125 0.01875
1 0.69296875 0.59609375 0.03125 0.025
1 0.6578125 0.3703125 0.03125 0.03125
1 0.67421875 0.4 0.034375 0.0265625
1 0.7078125 0.50703125 0.0296875 0.025
1 0.70546875 0.61171875 0.025 0.01875