1 0.22734375 0.740625 0.11484375 0.253125
1 0.86484375 0.60546875 0.11796875 0.16015625
1 0.46953125 0.17578125 0.05078125 0.07265625
1 0.55625 0.128125 0.03828125 0.06640625
1 0.55703125 0.2578125 0.0328125 0.05625
1 0.2 0.58984375 0.05234375 0.0625
1 0.0734375 0.72109375 0.146875 0.5546875
0 0.20234375 0.5171875 0.04375 0.08125
0 0.5578125 0.21484375 0.0328125 0.04296875
0 0.87578125 0.53515625 0.04296875 0.07421875
0 0.9171875 0.47578125 0.04296875 0.1546875
0 0.95234375 0.4640625 0.02734375 0.1453125
0 0.98359375 0.46953125 0.0328125 0.1546875
0 0.8796875 0.32890625 0.025 0.09921875
0 0.9328125 0.32890625 0.02109375 0.1
0 0.10546875 0.25703125 0.02578125 0.053125
0 0.05859375 0.25625 0.028125 0.04140625
0 0.35546875 0.20703125 0.03203125 0.04296875
1 0.215625 0.2390625 0.11484375 0.22578125
1 0.4796875 0.10078125 0.0328125 0.05859375
1 0.51796875 0.059375 0.065625 0.10546875
1 0.74296875 0.453125 0.0640625 0.10859375
1 0.70546875 0.3640625 0.05390625 0.06796875
0 0.7515625 0.38203125 0.0328125 0.05546875
0 0.71640625 0.3078125 0.0265625 0.05859375
0 0.8015625 0.32109375 0.03515625 0.11328125
0 0.9109375 0.38671875 0.02734375 0.0484375
0 0.9890625 0.35234375 0.021875 0.06171875
1 0.30625 0.17890625 0.03125 0.04375
1 0.35625 0.2453125 0.0375 0.04765625
1 0.05625 0.30625 0.02734375 0.05625
1 0.10234375 0.3140625 0.0578125 0.05859375
1 0.3296875 0.16015625 0.0171875 0.0375
1 0.646875 0.21953125 0.0421875 0.0578125