1 0.27421875 0.49375 0.05078125 0.08359375
1 0.8640625 0.4921875 0.0890625 0.1109375
1 0.36484375 0.3421875 0.03671875 0.03515625
1 0.46640625 0.3265625 0.034375 0.034375
1 0.7375 0.371875 0.0484375 0.0625
1 0.76953125 0.434375 0.03828125 0.075
0 0.02421875 0.63984375 0.0375 0.07734375
0 0.03984375 0.5765625 0.03515625 0.08984375
0 0.14921875 0.56328125 0.03515625 0.07578125
0 0.09609375 0.56640625 0.03125 0.07265625
0 0.16484375 0.5359375 0.025 0.06484375
0 0.14453125 0.48828125 0.02265625 0.05703125
0 0.178125 0.478125 0.0359375 0.06875
0 0.9828125 0.603125 0.034375 0.11171875
0 0.97421875 0.5 0.02890625 0.0734375
0 0.92109375 0.471875 0.02265625 0.075
0 0.903125 0.44375 0.0296875 0.07109375