1 0.73359375 0.8640625 0.18125 0.26796875
1 0.6296875 0.4203125 0.0828125 0.125
1 0.52578125 0.3484375 0.06953125 0.14921875
1 0.571875 0.36875 0.0421875 0.084375
1 0.17109375 0.7859375 0.15546875 0.2125
1 0.34765625 0.70078125 0.11640625 0.178125
1 0.06796875 0.625 0.13515625 0.20234375
1 0.3609375 0.55859375 0.08359375 0.11953125
1 0.4 0.4703125 0.07734375 0.0921875
1 0.24375 0.60859375 0.11953125 0.18125
1 0.1390625 0.48515625 0.0671875 0.11015625
1 0.20625 0.4734375 0.0640625 0.1109375
1 0.28203125 0.471875 0.09375 0.11484375
1 0.253125 0.34140625 0.10390625 0.13515625
1 0.021875 0.81796875 0.04375 0.2015625
0 0.928125 0.56796875 0.0359375 0.12265625
0 0.8796875 0.496875 0.0359375 0.10234375
0 0.52109375 0.89453125 0.04140625 0.15625
0 0.70625 0.35546875 0.0296875 0.06953125