1 0.490625 0.27421875 0.0875 0.05625
1 0.5328125 0.8625 0.1171875 0.096875
1 0.64765625 0.35390625 0.0375 0.0390625
1 0.6703125 0.4546875 0.0359375 0.0359375
1 0.64453125 0.728125 0.065625 0.053125
1 0.584375 0.7640625 0.078125 0.0421875
0 0.32734375 0.03515625 0.08125 0.0421875
0 0.39140625 0.04609375 0.0921875 0.040625
0 0.4125 0.1546875 0.0765625 0.0390625
0 0.40546875 0.1015625 0.0734375 0.0359375
0 0.440625 0.16796875 0.0671875 0.0296875
0 0.48671875 0.14453125 0.0578125 0.025
0 0.49921875 0.17734375 0.0703125 0.040625
0 0.43046875 0.98359375 0.1140625 0.0328125
0 0.5328125 0.9734375 0.075 0.0328125
0 0.5578125 0.91796875 0.0765625 0.0265625
0 0.584375 0.8984375 0.0734375 0.034375