1 0.8234375 0.7546875 0.11484375 0.2046875
1 0.28203125 0.90546875 0.12890625 0.1890625
1 0.83984375 0.46484375 0.078125 0.0734375
1 0.87890625 0.496875 0.0375 0.05859375
1 0.2140625 0.4796875 0.0796875 0.0921875
1 0.33203125 0.47890625 0.053125 0.08203125
1 0.38984375 0.46640625 0.04765625 0.07265625
1 0.4640625 0.46484375 0.06171875 0.0734375
1 0.40625 0.53125 0.0390625 0.0546875
1 0.46015625 0.40234375 0.0375 0.0578125
1 0.434375 0.38359375 0.02421875 0.0515625
1 0.2828125 0.4203125 0.0609375 0.05859375
1 0.3140625 0.3953125 0.05234375 0.03125
0 0.94921875 0.6 0.040625 0.10859375
0 0.08515625 0.546875 0.03203125 0.08046875
1 0.440625 0.340625 0.03671875 0.03671875
1 0.35625 0.36328125 0.03515625 0.03359375
1 0.4671875 0.34921875 0.0296875 0.03828125