1 0.90703125 0.74765625 0.171875 0.234375
1 0.55390625 0.5296875 0.29375 0.134375
1 0.6953125 0.24296875 0.346875 0.1796875
1 0.24609375 0.540625 0.1765625 0.09375
1 0.60390625 0.0859375 0.3734375 0.171875
1 0.19765625 0.3578125 0.0703125 0.040625
1 0.06796875 0.475 0.0484375 0.03125
1 0.38125 0.09140625 0.103125 0.1046875
1 0.16015625 0.18359375 0.1484375 0.1109375
1 0.11015625 0.246875 0.1046875 0.0453125
0 0.13828125 0.3546875 0.0515625 0.0375
0 0.02578125 0.47421875 0.0328125 0.0296875
0 0.03125 0.3234375 0.0375 0.0234375
0 0.2390625 0.184375 0.1359375 0.04375
0 0.24609375 0.0578125 0.0828125 0.025
0 0.32578125 0.01484375 0.1109375 0.0296875
0 0.3234375 0.0421875 0.1046875 0.034375
0 0.25859375 0.02734375 0.0390625 0.0234375
0 0.178125 0.05234375 0.0890625 0.0296875
0 0.16328125 0.11484375 0.1078125 0.03125
0 0.303125 0.11875 0.0578125 0.025
1 0.03203125 0.5390625 0.0640625 0.05625
1 0.04921875 0.77421875 0.0890625 0.0890625
1 0.075 0.32578125 0.034375 0.0203125
1 0.2484375 0.265625 0.1375 0.06875