1 0.83671875 0.2671875 0.325 0.16875
1 0.93046875 0.08046875 0.1390625 0.1609375
1 0.78515625 0.05625 0.15 0.1125
1 0.50234375 0.1203125 0.1 0.1109375
1 0.70703125 0.2015625 0.209375 0.1390625
1 0.57734375 0.26328125 0.13125 0.10625
1 0.5359375 0.37421875 0.1140625 0.090625
1 0.64609375 0.31640625 0.209375 0.140625
1 0.6234375 0.0921875 0.125 0.0734375
1 0.51171875 0.82734375 0.09375 0.0625
1 0.38671875 0.6109375 0.05 0.0359375
1 0.37578125 0.57265625 0.04375 0.028125
1 0.325 0.503125 0.04375 0.0328125
1 0.41015625 0.371875 0.065625 0.0328125
1 0.41484375 0.271875 0.171875 0.1140625
1 0.6640625 0.61640625 0.109375 0.05625
0 0.6453125 0.96875 0.0859375 0.0375
0 0.5765625 0.971875 0.0625 0.0328125
0 0.4671875 0.7375 0.065625 0.028125
0 0.46328125 0.71640625 0.0703125 0.028125
0 0.428125 0.81015625 0.0625 0.021875
0 0.34453125 0.63515625 0.0390625 0.04375
0 0.321875 0.60625 0.040625 0.0328125