1 0.409375 0.8359375 0.1421875 0.228125
1 0.775 0.5421875 0.059375 0.075
1 0.1015625 0.8421875 0.1046875 0.15
1 0.21640625 0.54375 0.0984375 0.090625
1 0.8125 0.38515625 0.0890625 0.0859375
1 0.71953125 0.325 0.06875 0.075
1 0.2828125 0.690625 0.065625 0.078125
1 0.390625 0.58359375 0.05 0.05625
1 0.42734375 0.359375 0.0421875 0.040625
1 0.38046875 0.49765625 0.0390625 0.0484375
1 0.38828125 0.428125 0.0265625 0.0328125
0 0.14296875 0.6625 0.0390625 0.08125
0 0.05703125 0.634375 0.0546875 0.084375
0 0.76796875 0.50078125 0.04375 0.0703125
0 0.95859375 0.38984375 0.05 0.0859375
0 0.15078125 0.56015625 0.0484375 0.0796875
0 0.26875 0.66328125 0.0453125 0.059375
0 0.38359375 0.54765625 0.0359375 0.0484375