1 0.64375 0.53359375 0.0796875 0.15
1 0.06015625 0.73515625 0.1203125 0.165625
1 0.159375 0.5328125 0.09921875 0.0875
1 0.22890625 0.4671875 0.08125 0.06640625
1 0.4390625 0.3609375 0.03671875 0.04765625
1 0.58125 0.37890625 0.03515625 0.053125
1 0.64375 0.3921875 0.08984375 0.13203125
1 0.896875 0.7265625 0.20625 0.546875
0 0.82578125 0.4125 0.02109375 0.0484375
0 0.8375 0.41015625 0.0125 0.06171875
0 0.8515625 0.41484375 0.0140625 0.05390625
0 0.29921875 0.42421875 0.015625 0.05234375
1 0.353125 0.35546875 0.0359375 0.03125
1 0.5703125 0.2984375 0.02109375 0.03203125
1 0.59765625 0.28984375 0.03984375 0.06328125
0 0.7625 0.36171875 0.015625 0.046875
0 0.009375 0.6875 0.01875 0.046875