0 0.1078125 0.66015625 0.07265625 0.24375
0 0.7546875 0.4890625 0.0515625 0.11640625
0 0.703125 0.41484375 0.03515625 0.08984375
0 0.6203125 0.2125 0.0296875 0.0671875
0 0.609375 0.14765625 0.03125 0.05078125
0 0.94765625 0.19609375 0.02734375 0.115625
0 0.87578125 0.1890625 0.01953125 0.0734375
0 0.9 0.2 0.03046875 0.07265625
0 0.2875 0.115625 0.03203125 0.06171875
0 0.58671875 0.0421875 0.02109375 0.046875
0 0.86328125 0.11015625 0.0296875 0.08828125
0 0.9828125 0.3890625 0.0328125 0.0921875
0 0.96015625 0.284375 0.0328125 0.084375
0 0.78203125 0.03046875 0.02578125 0.05625
1 0.2421875 0.684375 0.15546875 0.34765625
1 0.34296875 0.3109375 0.1 0.19453125
1 0.4296875 0.1953125 0.0875 0.12421875
1 0.4515625 0.10234375 0.08359375 0.1
1 0.53125 0.0640625 0.05859375 0.0953125
1 0.896875 0.40859375 0.13515625 0.21953125
1 0.7765625 0.184375 0.06328125 0.1125
1 0.8265625 0.30078125 0.22734375 0.14609375
1 0.74375 0.6046875 0.12109375 0.19296875
1 0.54375 0.58515625 0.28515625 0.7828125
1 0.12734375 0.203125 0.08359375 0.1265625
1 0.1859375 0.10703125 0.07265625 0.1078125
1 0.77265625 0.11640625 0.0921875 0.0609375
1 0.696875 0.18671875 0.05859375 0.1
0 0.7125 0.05859375 0.02421875 0.0875
1 0.44609375 0.02578125 0.0609375 0.0515625
1 0.50625 0.01796875 0.04765625 0.0359375