0 0.49453125 0.23125 0.7703125 0.2484375
0 0.52578125 0.81328125 0.1421875 0.0734375
0 0.53515625 0.86484375 0.1015625 0.05625
0 0.53515625 0.6046875 0.0578125 0.0328125
0 0.53515625 0.659375 0.05 0.0265625
1 0.478125 0.59921875 0.0765625 0.0515625
1 0.48515625 0.65546875 0.0671875 0.0484375
1 0.48984375 0.928125 0.1109375 0.06875
1 0.51953125 0.76171875 0.125 0.0765625
1 0.52734375 0.08671875 0.2609375 0.1734375
1 0.4734375 0.97734375 0.0609375 0.03125
1 0.59609375 0.62578125 0.1015625 0.159375