1 0.66953125 0.21015625 0.2171875 0.1546875
1 0.57109375 0.82109375 0.0984375 0.071875
1 0.38984375 0.54453125 0.0609375 0.0546875
1 0.49765625 0.11640625 0.084375 0.084375
1 0.4390625 0.2 0.0609375 0.05625
1 0.4203125 0.125 0.11875 0.1109375
1 0.4921875 0.69765625 0.0390625 0.0453125
1 0.82109375 0.81796875 0.0984375 0.0765625
1 0.303125 0.56328125 0.06875 0.0515625
1 0.2484375 0.465625 0.04375 0.0296875
1 0.37109375 0.66171875 0.0359375 0.0390625
1 0.34453125 0.63828125 0.0328125 0.0359375
1 0.38515625 0.19140625 0.071875 0.0765625
1 0.3234375 0.36328125 0.0390625 0.0375
1 0.315625 0.4171875 0.028125 0.0234375
0 0.76328125 0.83515625 0.0734375 0.0421875
0 0.7328125 0.8796875 0.0578125 0.040625
1 0.7984375 0.88671875 0.121875 0.0953125
0 0.4640625 0.70078125 0.034375 0.0265625
0 0.50234375 0.8296875 0.05 0.028125
0 0.49609375 0.803125 0.0640625 0.0390625
0 0.346875 0.14609375 0.046875 0.0234375
0 0.346875 0.17109375 0.0421875 0.021875
1 0.28671875 0.52734375 0.025 0.025
1 0.26484375 0.38125 0.0328125 0.0296875