0 0.3265625 0.11328125 0.246875 0.0796875
0 0.51953125 0.75390625 0.1171875 0.05625
0 0.5921875 0.7 0.0921875 0.0375
0 0.79140625 0.61015625 0.06875 0.03125
0 0.85625 0.596875 0.0515625 0.0328125
0 0.81953125 0.93671875 0.1171875 0.0328125
0 0.82421875 0.86484375 0.0734375 0.021875
0 0.8140625 0.8890625 0.0734375 0.034375
0 0.8765625 0.27421875 0.0640625 0.0328125
0 0.9609375 0.5703125 0.046875 0.0234375
0 0.90234375 0.84921875 0.0890625 0.0328125
0 0.62734375 0.97890625 0.09375 0.0359375
0 0.73125 0.95234375 0.0859375 0.0359375
0 0.975 0.76484375 0.05 0.0265625
1 0.30703125 0.2484375 0.3515625 0.16875
1 0.68359375 0.33671875 0.196875 0.10625
1 0.80234375 0.41875 0.128125 0.0921875
1 0.89609375 0.4375 0.103125 0.0875
1 0.93671875 0.51640625 0.096875 0.0625
1 0.60546875 0.89375 0.2234375 0.1421875
1 0.825 0.765625 0.1140625 0.0671875
1 0.71015625 0.81953125 0.1546875 0.2328125
1 0.40390625 0.746875 0.1984375 0.128125
1 0.41640625 0.546875 0.7921875 0.3109375
1 0.78359375 0.1171875 0.1296875 0.0890625
1 0.88203125 0.17265625 0.1109375 0.075
1 0.89296875 0.759375 0.0640625 0.09375
1 0.8203125 0.6859375 0.1015625 0.0625
0 0.9484375 0.696875 0.0890625 0.028125
1 0.971875 0.4296875 0.053125 0.0625
1 0.98125 0.48828125 0.0375 0.0484375