1 0.86484375 0.49296875 0.08984375 0.1
1 0.38671875 0.52421875 0.0734375 0.10390625
1 0.21796875 0.46484375 0.07109375 0.07890625
1 0.3515625 0.365625 0.03203125 0.034375
1 0.3671875 0.346875 0.034375 0.028125
1 0.39296875 0.328125 0.028125 0.0296875
1 0.7375 0.371875 0.0515625 0.05703125
1 0.62734375 0.33125 0.02109375 0.040625
1 0.58203125 0.29140625 0.025 0.0296875
1 0.7828125 0.6390625 0.04375 0.08359375
1 0.1234375 0.834375 0.05625 0.096875
1 0.2421875 0.7890625 0.059375 0.0890625
0 0.0828125 0.6203125 0.03671875 0.09765625
0 0.0609375 0.61171875 0.02265625 0.08359375
0 0.11484375 0.77578125 0.0328125 0.08125
0 0.2328125 0.74140625 0.0375 0.059375
0 0.78125 0.5875 0.02734375 0.0625
0 0.14375 0.490625 0.02421875 0.075
0 0.1734375 0.42421875 0.0296875 0.04296875
0 0.7671875 0.36640625 0.01640625 0.0484375