0 0.37890625 0.053125 0.1046875 0.0484375
0 0.50546875 0.13125 0.0640625 0.025
0 0.51484375 0.1125 0.065625 0.028125
0 0.403125 0.98203125 0.084375 0.03125
0 0.52734375 0.80703125 0.0625 0.0203125
0 0.525 0.90390625 0.0609375 0.021875
0 0.525 0.8890625 0.0609375 0.0234375
0 0.55546875 0.86328125 0.0609375 0.021875
0 0.55234375 0.8796875 0.053125 0.0171875
0 0.60546875 0.80390625 0.040625 0.015625
1 0.5890625 0.76796875 0.0453125 0.0234375
1 0.609375 0.4484375 0.0484375 0.040625
1 0.59765625 0.29609375 0.06875 0.053125
1 0.64296875 0.36171875 0.0359375 0.0328125
1 0.6625 0.375 0.0296875 0.0265625
1 0.5265625 0.8296875 0.078125 0.075
1 0.484375 0.87265625 0.059375 0.034375