1 0.76015625 0.75546875 0.08125 0.1
1 0.83203125 0.53125 0.09375 0.096875
1 0.86640625 0.5765625 0.053125 0.0765625
1 0.340625 0.35390625 0.0609375 0.0515625
1 0.37734375 0.33203125 0.04375 0.0421875
1 0.40703125 0.31875 0.034375 0.040625
1 0.48125 0.309375 0.0375 0.04375
1 0.72421875 0.5125 0.0375 0.0515625
1 0.7640625 0.49140625 0.0359375 0.04375
0 0.76875 0.70625 0.0453125 0.0703125
0 0.17578125 0.3828125 0.0421875 0.0609375
0 0.27578125 0.39453125 0.0359375 0.065625
0 0.30390625 0.39609375 0.03125 0.05625
0 0.31640625 0.3984375 0.034375 0.059375
0 0.82421875 0.4671875 0.0328125 0.053125
0 0.878125 0.50703125 0.0375 0.0640625