1 0.14609375 0.5265625 0.115625 0.1125
1 0.828125 0.46875 0.0875 0.0875
1 0.9625 0.56484375 0.0734375 0.078125
1 0.83359375 0.721875 0.078125 0.1
1 0.240625 0.4578125 0.090625 0.065625
1 0.40625 0.39609375 0.0359375 0.0609375
1 0.7515625 0.3875 0.0515625 0.059375
1 0.840625 0.57421875 0.04375 0.071875
1 0.39765625 0.3203125 0.0359375 0.0375
0 0.04765625 0.5546875 0.040625 0.0859375
0 0.83515625 0.66171875 0.046875 0.0703125
0 0.840625 0.53203125 0.0359375 0.0515625
0 0.9765625 0.50234375 0.0375 0.0703125
0 0.92890625 0.47734375 0.025 0.0765625
0 0.9046875 0.459375 0.03125 0.075
0 0.86796875 0.4484375 0.025 0.05625
0 0.325 0.40390625 0.01875 0.0453125
0 0.1484375 0.45 0.0203125 0.0421875
0 0.1171875 0.45859375 0.0203125 0.0375
1 0.44609375 0.38359375 0.0265625 0.0375
1 0.4625 0.3484375 0.0234375 0.025
1 0.66953125 0.2984375 0.0265625 0.028125