1 0.253125 0.82734375 0.26484375 0.3453125
1 0.665625 0.60703125 0.11171875 0.175
1 0.45390625 0.05546875 0.08203125 0.0984375
1 0.48984375 0.1 0.04453125 0.078125
1 0.76328125 0.1234375 0.08828125 0.109375
1 0.90859375 0.50546875 0.11328125 0.13515625
1 0.84140625 0.3515625 0.078125 0.10859375
1 0.625 0.21171875 0.0703125 0.0828125
0 0.3453125 0.18359375 0.0421875 0.1078125
0 0.3703125 0.1203125 0.0328125 0.071875
0 0.34375 0.1171875 0.0390625 0.05
0 0.6640625 0.51328125 0.0578125 0.13828125
0 0.94921875 0.4546875 0.05 0.19296875
0 0.93984375 0.18828125 0.0375 0.1140625
0 0.8453125 0.2828125 0.0421875 0.103125
0 0.9140625 0.28359375 0.0390625 0.09765625
0 0.971875 0.31640625 0.04609375 0.1484375
0 0.884375 0.21796875 0.0421875 0.07265625
0 0.8109375 0.16875 0.0359375 0.109375
0 0.86796875 0.159375 0.034375 0.11171875