0 0.090625 0.7359375 0.065625 0.1078125
0 0.2375 0.58203125 0.040625 0.0734375
0 0.2171875 0.58984375 0.0421875 0.0796875
0 0.74375 0.35 0.0328125 0.053125
0 0.76171875 0.3140625 0.0296875 0.053125
0 0.86171875 0.46328125 0.0296875 0.05
0 0.8171875 0.4234375 0.0296875 0.0546875
0 0.10234375 0.58359375 0.03125 0.05
0 0.11796875 0.5703125 0.0265625 0.04375
1 0.71484375 0.5515625 0.134375 0.1609375
1 0.1625 0.61796875 0.1265625 0.125
1 0.6984375 0.4375 0.0703125 0.096875
1 0.61796875 0.39609375 0.0734375 0.0859375
1 0.81015625 0.3828125 0.0859375 0.0859375
1 0.71015625 0.325 0.0640625 0.06875
1 0.30625 0.4296875 0.06875 0.059375
1 0.56875 0.3234375 0.0390625 0.046875
1 0.590625 0.30078125 0.0390625 0.053125
1 0.43203125 0.31328125 0.034375 0.0375
1 0.3328125 0.3765625 0.040625 0.0390625
1 0.35625 0.35234375 0.040625 0.0390625
1 0.61328125 0.2609375 0.0296875 0.0359375
1 0.53828125 0.26328125 0.025 0.0296875
1 0.5171875 0.2640625 0.0265625 0.0328125
1 0.81484375 0.46171875 0.071875 0.0765625