0 0.11875 0.22578125 0.0453125 0.125
0 0.21484375 0.1625 0.03671875 0.10546875
0 0.240625 0.165625 0.02734375 0.0890625
1 0.35859375 0.36484375 0.2921875 0.6140625
1 0.65 0.65078125 0.078125 0.16328125
1 0.92265625 0.94765625 0.1015625 0.1046875
1 0.9109375 0.58671875 0.178125 0.359375
1 0.90546875 0.359375 0.103125 0.09765625
1 0.55390625 0.28515625 0.0484375 0.08828125
1 0.80078125 0.1515625 0.1046875 0.1546875
1 0.2625 0.05234375 0.08125 0.103125
0 0.653125 0.54140625 0.05234375 0.103125
0 0.91640625 0.84375 0.0953125 0.175
0 0.553125 0.22265625 0.03203125 0.0609375
0 0.68515625 0.19921875 0.0265625 0.11640625
0 0.71015625 0.22109375 0.0265625 0.11875
0 0.97265625 0.38984375 0.03203125 0.05625
0 0.86640625 0.278125 0.03515625 0.0609375
0 0.76484375 0.18984375 0.0296875 0.121875
0 0.79609375 0.196875 0.034375 0.10390625
0 0.9546875 0.284375 0.03203125 0.125
0 0.92109375 0.2671875 0.03125 0.08515625
0 0.89453125 0.23671875 0.0296875 0.08203125
0 0.71484375 0.10859375 0.021875 0.05703125