1 0.53671875 0.62109375 0.5609375 0.7578125
1 0.825 0.60390625 0.11171875 0.19453125
1 0.97109375 0.6421875 0.0578125 0.1859375
1 0.49609375 0.19453125 0.0375 0.07265625
1 0.628125 0.22265625 0.0609375 0.06640625
1 0.6828125 0.06171875 0.07109375 0.0953125
1 0.8 0.14765625 0.1109375 0.15078125
1 0.84921875 0.33125 0.078125 0.1375
0 0.12265625 0.18046875 0.04140625 0.1171875
0 0.63203125 0.16484375 0.034375 0.0734375
0 0.85546875 0.57421875 0.08515625 0.21015625
0 0.95859375 0.2828125 0.03515625 0.12421875
0 0.83515625 0.21328125 0.034375 0.11328125
0 0.4953125 0.14296875 0.03046875 0.0578125
0 0.87265625 0.45234375 0.034375 0.07578125