1 0.1703125 0.9046875 0.2875 0.190625
1 0.46875 0.440625 0.1203125 0.059375
1 0.55390625 0.43359375 0.0796875 0.0625
1 0.21484375 0.32109375 0.103125 0.0546875
1 0.28515625 0.28515625 0.084375 0.0484375
1 0.5453125 0.3671875 0.0796875 0.0515625
1 0.5375 0.3046875 0.06875 0.053125
1 0.5890625 0.30703125 0.05625 0.0734375
1 0.6265625 0.4796875 0.05625 0.0515625
1 0.63046875 0.684375 0.059375 0.04375
1 0.62578125 0.340625 0.046875 0.040625
1 0.5640625 0.83828125 0.0765625 0.06875
1 0.5421875 0.87265625 0.0625 0.0390625
1 0.6953125 0.46484375 0.028125 0.0296875
1 0.69453125 0.64453125 0.0421875 0.0234375
0 0.26953125 0.3109375 0.06875 0.040625
0 0.33828125 0.278125 0.065625 0.0421875
0 0.52890625 0.1640625 0.065625 0.0359375
1 0.51171875 0.3078125 0.071875 0.05