1 0.40390625 0.28515625 0.33125 0.2125
1 0.6984375 0.34375 0.2140625 0.1328125
1 0.44765625 0.4765625 0.2640625 0.121875
1 0.76875 0.49921875 0.1609375 0.096875
1 0.64453125 0.54140625 0.1828125 0.121875
1 0.85 0.80703125 0.140625 0.1171875
1 0.88359375 0.45 0.09375 0.0390625
1 0.95625 0.5515625 0.084375 0.0734375
1 0.96875 0.46328125 0.0625 0.0765625
1 0.19765625 0.5125 0.15625 0.1515625
0 0.2703125 0.51015625 0.1515625 0.078125
0 0.35 0.49296875 0.1078125 0.0453125
0 0.3546875 0.5421875 0.0890625 0.05
0 0.41328125 0.52890625 0.0578125 0.0453125
0 0.83515625 0.71328125 0.090625 0.0375
1 0.86796875 0.6421875 0.1046875 0.0828125
1 0.396875 0.79921875 0.79375 0.4015625