0 0.571875 0.68203125 0.178125 0.08125
0 0.5703125 0.721875 0.128125 0.0625
0 0.49140625 0.11796875 0.2328125 0.0875
0 0.5203125 0.1640625 0.2140625 0.0890625
0 0.54609375 0.5328125 0.1078125 0.071875
0 0.57578125 0.80625 0.09375 0.0453125
0 0.57109375 0.8640625 0.0859375 0.0375
0 0.57734375 0.9359375 0.096875 0.0515625
1 0.34453125 0.12578125 0.321875 0.2515625
1 0.4640625 0.53046875 0.1296875 0.078125
1 0.42578125 0.721875 0.1875 0.15
1 0.4859375 0.24453125 0.2 0.1125
1 0.50390625 0.4375 0.0953125 0.125
1 0.50625 0.33359375 0.128125 0.0984375