1 0.30078125 0.678125 0.1140625 0.090625
1 0.4984375 0.63359375 0.1546875 0.10625
1 0.2328125 0.30859375 0.2578125 0.1671875
1 0.24765625 0.1671875 0.275 0.1984375
1 0.60234375 0.3171875 0.1640625 0.1203125
1 0.66328125 0.38203125 0.090625 0.06875
1 0.6734375 0.42265625 0.0828125 0.0703125
1 0.475 0.69375 0.09375 0.0765625
1 0.57109375 0.20859375 0.05625 0.04375
1 0.5125 0.21875 0.0578125 0.0515625
1 0.69375 0.28125 0.2015625 0.1859375
1 0.66015625 0.1578125 0.0984375 0.084375
0 0.0625 0.88359375 0.125 0.0703125
0 0.43125 0.8546875 0.1109375 0.06875
0 0.53125 0.81640625 0.0828125 0.046875
0 0.55234375 0.771875 0.0828125 0.046875
1 0.75 0.58828125 0.134375 0.103125
1 0.575 0.1328125 0.09375 0.0765625
1 0.575 0.07109375 0.08125 0.071875