1 0.7328125 0.83671875 0.16796875 0.325
1 0.91953125 0.93046875 0.1609375 0.1390625
1 0.94375 0.78515625 0.1125 0.15078125
1 0.8796875 0.50234375 0.1109375 0.10078125
1 0.7984375 0.70703125 0.1390625 0.21015625
1 0.73671875 0.57734375 0.10625 0.13125
1 0.62578125 0.5359375 0.090625 0.1140625
1 0.68359375 0.64609375 0.14140625 0.21015625
1 0.9078125 0.6234375 0.0734375 0.12421875
1 0.17265625 0.51171875 0.06328125 0.09375
1 0.3890625 0.38671875 0.0359375 0.05078125
1 0.42734375 0.37578125 0.02890625 0.04453125
1 0.496875 0.325 0.0328125 0.04375
1 0.628125 0.41015625 0.0328125 0.06640625
1 0.728125 0.41484375 0.1140625 0.17265625
1 0.38359375 0.6640625 0.05625 0.10859375
0 0.03125 0.6453125 0.03671875 0.0859375
0 0.028125 0.5765625 0.0328125 0.06171875
0 0.2625 0.4671875 0.02734375 0.065625
0 0.28359375 0.46328125 0.028125 0.0703125
0 0.18984375 0.428125 0.02265625 0.0625
0 0.36484375 0.34453125 0.04375 0.0390625
0 0.39375 0.321875 0.0328125 0.040625