0 0.05078125 0.6453125 0.0453125 0.1
0 0.2265625 0.52578125 0.0265625 0.0703125
0 0.2046875 0.5296875 0.0265625 0.0765625
0 0.76953125 0.40390625 0.0234375 0.05
0 0.79453125 0.371875 0.0203125 0.05
0 0.86171875 0.5390625 0.021875 0.046875
0 0.8265625 0.49140625 0.0203125 0.0515625
0 0.09375 0.49921875 0.0234375 0.046875
0 0.11171875 0.48984375 0.0171875 0.040625
1 0.69921875 0.5953125 0.1078125 0.1421875
1 0.1453125 0.5453125 0.1078125 0.1046875
1 0.7078125 0.4796875 0.053125 0.0890625
1 0.63671875 0.42265625 0.059375 0.0765625
1 0.828125 0.45 0.0734375 0.0734375
1 0.7421875 0.37265625 0.0546875 0.059375
1 0.32578125 0.39140625 0.0609375 0.0484375
1 0.60390625 0.3421875 0.03125 0.040625
1 0.6296875 0.32421875 0.03125 0.046875
1 0.47265625 0.30390625 0.028125 0.03125
1 0.3625 0.34453125 0.034375 0.0328125
1 0.38984375 0.325 0.034375 0.0328125
1 0.66015625 0.2890625 0.0234375 0.03125
1 0.58671875 0.2765625 0.0203125 0.025
1 0.565625 0.27265625 0.0203125 0.0296875
1 0.81640625 0.528125 0.0609375 0.0671875