1 0.11484375 0.1578125 0.2296875 0.25
1 0.27578125 0.27578125 0.1796875 0.1359375
1 0.3671875 0.4734375 0.3875 0.246875
1 0.6921875 0.8140625 0.20625 0.190625
1 0.4703125 0.640625 0.1515625 0.09375
1 0.5953125 0.46875 0.109375 0.075
1 0.6171875 0.34921875 0.1109375 0.0625
1 0.5375 0.2765625 0.215625 0.140625
1 0.74765625 0.3515625 0.175 0.125
1 0.86796875 0.7390625 0.1421875 0.1
1 0.93203125 0.4390625 0.1 0.08125
1 0.78828125 0.4421875 0.1015625 0.0765625
1 0.88125 0.46875 0.0765625 0.046875
0 0.4078125 0.27421875 0.1328125 0.0921875
0 0.6953125 0.34921875 0.090625 0.05625
0 0.68828125 0.45859375 0.0890625 0.059375
0 0.57890625 0.62734375 0.084375 0.065625
0 0.5421875 0.94765625 0.2078125 0.071875
0 0.3375 0.82265625 0.1203125 0.0640625
0 0.384375 0.7765625 0.1140625 0.065625
0 0.40625 0.81953125 0.08125 0.059375
0 0.859375 0.653125 0.11875 0.046875
0 0.7890625 0.85078125 0.0953125 0.0515625
0 0.77265625 0.9421875 0.1328125 0.0625
0 0.834375 0.73828125 0.128125 0.0578125
0 0.81328125 0.8109375 0.065625 0.0375
0 0.95859375 0.646875 0.0828125 0.046875