1 0.31796875 0.54296875 0.2390625 0.3984375
1 0.359375 0.20078125 0.1125 0.1640625
1 0.43359375 0.12578125 0.0859375 0.1234375
1 0.53828125 0.5390625 0.0734375 0.153125
1 0.821875 0.3234375 0.1703125 0.1984375
1 0.11171875 0.16875 0.059375 0.0640625
1 0.74375 0.12890625 0.0828125 0.1328125
1 0.6234375 0.134375 0.065625 0.115625
1 0.5953125 0.06484375 0.0765625 0.084375
0 0.528125 0.43515625 0.059375 0.0703125
0 0.509375 0.1296875 0.0484375 0.115625
0 0.7046875 0.14453125 0.040625 0.109375
0 0.8546875 0.203125 0.0375 0.0875
0 0.82109375 0.196875 0.0390625 0.075
0 0.79375 0.2109375 0.0296875 0.0453125
0 0.9078125 0.1546875 0.04375 0.115625
0 0.82421875 0.103125 0.0390625 0.1
0 0.7953125 0.1296875 0.0375 0.0609375
0 0.671875 0.09921875 0.0390625 0.1125
0 0.84296875 0.059375 0.0359375 0.05625
0 0.72890625 0.021875 0.0328125 0.04375
0 0.09609375 0.1265625 0.0375 0.053125