1 0.42265625 0.15234375 0.13125 0.125
1 0.5859375 0.81953125 0.0796875 0.0765625
1 0.62578125 0.62734375 0.05625 0.03125
1 0.56953125 0.296875 0.0421875 0.0265625
1 0.578125 0.32109375 0.046875 0.0296875
1 0.59375 0.31328125 0.040625 0.05625
1 0.64296875 0.3484375 0.0359375 0.034375
1 0.665625 0.37421875 0.0390625 0.0328125
1 0.7046875 0.653125 0.0390625 0.0265625
1 0.72578125 0.6359375 0.0265625 0.028125
0 0.47421875 0.25 0.06875 0.0328125
0 0.5296875 0.2078125 0.0578125 0.028125
0 0.490625 0.9359375 0.09375 0.0359375
0 0.51328125 0.86640625 0.0875 0.0375
0 0.5671875 0.97578125 0.0765625 0.040625
0 0.6265625 0.84921875 0.0515625 0.0265625
0 0.4828125 0.13828125 0.03125 0.025
0 0.484375 0.12421875 0.034375 0.025
0 0.565625 0.2 0.0296875 0.0234375