1 0.8296875 0.45 0.07265625 0.08203125
1 0.1421875 0.5375 0.11796875 0.10625
1 0.32734375 0.38828125 0.05 0.04140625
1 0.4140625 0.5109375 0.025 0.040625
1 0.34765625 0.5125 0.03046875 0.03671875
1 0.96015625 0.70703125 0.0796875 0.0984375
1 0.76875 0.459375 0.034375 0.05546875
1 0.70859375 0.4234375 0.0203125 0.0296875
1 0.203125 0.9484375 0.05 0.103125
1 0.1546875 0.88359375 0.05625 0.13359375
0 0.95078125 0.63203125 0.03046875 0.06796875
0 0.99140625 0.50078125 0.0171875 0.08515625
0 0.4140625 0.47734375 0.0265625 0.04296875
0 0.3421875 0.478125 0.025 0.03203125
0 0.2515625 0.45859375 0.01484375 0.0609375
0 0.23515625 0.4609375 0.021875 0.059375
0 0.146875 0.4625 0.0265625 0.04375
0 0.06328125 0.5203125 0.028125 0.08125
0 0.10703125 0.4859375 0.0171875 0.02421875
0 0.83203125 0.40234375 0.0125 0.03125
0 0.84296875 0.40703125 0.0125 0.0359375
0 0.7078125 0.4 0.0171875 0.0296875
1 0.4125 0.3296875 0.025 0.03515625
1 0.3671875 0.34296875 0.034375 0.0359375
0 0.13203125 0.86640625 0.0359375 0.09296875
0 0.17109375 0.94453125 0.0453125 0.0953125