1 0.23671875 0.08515625 0.3078125 0.1703125
1 0.37109375 0.21015625 0.190625 0.1546875
1 0.38515625 0.42734375 0.403125 0.2859375
1 0.56640625 0.86171875 0.2234375 0.209375
1 0.421875 0.6203125 0.1578125 0.109375
1 0.6 0.5046875 0.115625 0.0859375
1 0.66328125 0.4015625 0.115625 0.075
1 0.61484375 0.3046875 0.225 0.1625
1 0.784375 0.45 0.1828125 0.1421875
1 0.7578125 0.8546875 0.15 0.1140625
1 0.925 0.59765625 0.10625 0.090625
1 0.78984375 0.54921875 0.10625 0.0859375
1 0.8671875 0.6078125 0.0796875 0.0546875
0 0.49453125 0.25625 0.140625 0.10625
0 0.73671875 0.4296875 0.0953125 0.065625
0 0.690625 0.52890625 0.09375 0.06875
0 0.528125 0.646875 0.0890625 0.0734375
0 0.37890625 0.9328125 0.2078125 0.0953125
0 0.23203125 0.74296875 0.125 0.0765625
0 0.29296875 0.71640625 0.1171875 0.078125
0 0.29765625 0.76484375 0.084375 0.0671875
0 0.78046875 0.771875 0.1203125 0.059375
0 0.64375 0.93125 0.0984375 0.0609375
0 0.59609375 0.9859375 0.1359375 0.028125
0 0.72734375 0.8421875 0.1296875 0.071875
0 0.68046875 0.90234375 0.0671875 0.04375
0 0.884375 0.80625 0.103125 0.0578125