1 0.23515625 0.775 0.315625 0.2515625
1 0.521875 0.65859375 0.14375 0.096875
1 0.55625 0.12734375 0.16875 0.1625
1 0.5484375 0.3203125 0.053125 0.0578125
1 0.265625 0.3171875 0.109375 0.0765625
0 0.34140625 0.33515625 0.0859375 0.0625
1 0.5953125 0.68515625 0.08125 0.0671875
1 0.69609375 0.67421875 0.0625 0.0484375
1 0.6640625 0.63515625 0.0515625 0.0375
1 0.525 0.76171875 0.06875 0.053125
1 0.73984375 0.6734375 0.0453125 0.0484375
1 0.7765625 0.6484375 0.0546875 0.05
1 0.76796875 0.72890625 0.14375 0.1
0 0.49765625 0.89375 0.096875 0.0484375
0 0.5703125 0.76953125 0.0515625 0.0375
0 0.5921875 0.32265625 0.053125 0.0328125
0 0.6015625 0.3359375 0.0453125 0.025
0 0.65390625 0.2015625 0.0765625 0.0421875
0 0.671875 0.1640625 0.0703125 0.040625
0 0.678125 0.18203125 0.071875 0.0375
0 0.678125 0.2234375 0.0796875 0.0421875
0 0.6796875 0.240625 0.075 0.034375
0 0.51640625 0.86171875 0.096875 0.0421875
0 0.72265625 0.48359375 0.053125 0.0296875
0 0.70625 0.33984375 0.0640625 0.0375
0 0.725 0.3046875 0.0609375 0.0390625
0 0.44765625 0.96953125 0.0578125 0.040625
0 0.36875 0.96875 0.1171875 0.053125
0 0.57265625 0.9953125 0.0578125 0.009375
0 0.5109375 0.98359375 0.053125 0.0328125
0 0.6265625 0.8125 0.0671875 0.0328125
0 0.690625 0.640625 0.0296875 0.021875