0 0.3546875 0.36015625 0.134375 0.09375
0 0.68828125 0.640625 0.0703125 0.0296875
0 0.68984375 0.775 0.1546875 0.0484375
0 0.896875 0.60859375 0.0984375 0.025
0 0.86171875 0.66953125 0.1046875 0.0296875
0 0.903125 0.54765625 0.0546875 0.034375
0 0.6421875 0.9328125 0.0546875 0.0296875
0 0.61953125 0.97578125 0.05 0.0296875
0 0.74609375 0.903125 0.0796875 0.0359375
0 0.6953125 0.8484375 0.1140625 0.0375
0 0.78515625 0.78125 0.0734375 0.028125
0 0.803125 0.79765625 0.090625 0.025
1 0.1984375 0.36328125 0.18125 0.125
1 0.43515625 0.90859375 0.3640625 0.1828125
1 0.12109375 0.53828125 0.2421875 0.2140625
1 0.93515625 0.42265625 0.0953125 0.0734375
1 0.97421875 0.503125 0.0515625 0.071875
1 0.87265625 0.7796875 0.1609375 0.1125
1 0.9 0.7203125 0.0984375 0.03125
0 0.80703125 0.865625 0.0546875 0.028125
0 0.74140625 0.94609375 0.1171875 0.0359375
0 0.70078125 0.96953125 0.1296875 0.040625
0 0.71015625 0.653125 0.0703125 0.028125
0 0.7125 0.6203125 0.0578125 0.025
1 0.75625 0.0921875 0.425 0.184375
1 0.9 0.2 0.121875 0.08125
1 0.8484375 0.5515625 0.0609375 0.0375
1 0.596875 0.646875 0.1203125 0.1
1 0.23359375 0.9796875 0.2890625 0.040625