1 0.45078125 0.40390625 0.1375 0.0984375
1 0.56171875 0.2171875 0.0875 0.0875
1 0.61015625 0.45390625 0.0546875 0.05
1 0.66015625 0.51328125 0.0609375 0.0453125
1 0.6640625 0.47265625 0.0421875 0.0359375
1 0.67734375 0.3859375 0.0421875 0.0421875
1 0.696875 0.41796875 0.0375 0.034375
1 0.44375 0.8796875 0.115625 0.1109375
1 0.50546875 0.82890625 0.084375 0.08125
1 0.225 0.33203125 0.0796875 0.0625
1 0.69921875 0.490625 0.034375 0.025
1 0.71328125 0.53046875 0.0609375 0.0421875
0 0.29609375 0.3421875 0.0921875 0.05
0 0.4984375 0.11484375 0.09375 0.046875
0 0.53828125 0.05234375 0.078125 0.0359375
0 0.58671875 0.1796875 0.0578125 0.028125
0 0.53984375 0.86953125 0.0578125 0.0234375
0 0.55625 0.85390625 0.0515625 0.0265625
0 0.5015625 0.2359375 0.046875 0.028125
1 0.46640625 0.23828125 0.046875 0.046875
1 0.62109375 0.678125 0.040625 0.025
1 0.63125 0.63828125 0.040625 0.0265625