0 0.34296875 0.09140625 0.0890625 0.0484375
0 0.44140625 0.14296875 0.065625 0.034375
0 0.5875 0.834375 0.075 0.0359375
0 0.66328125 0.79921875 0.04375 0.021875
0 0.6953125 0.7359375 0.0390625 0.0203125
0 0.6890625 0.6796875 0.0390625 0.0234375
0 0.540625 0.76640625 0.0421875 0.0328125
1 0.49375 0.77734375 0.0640625 0.0515625
1 0.47421875 0.6890625 0.165625 0.11875
1 0.53828125 0.809375 0.11875 0.075
1 0.446875 0.98046875 0.16875 0.0390625
1 0.6265625 0.628125 0.0671875 0.04375
1 0.62578125 0.578125 0.0796875 0.05625
1 0.67421875 0.5453125 0.040625 0.03125
1 0.69296875 0.56953125 0.040625 0.034375
1 0.68203125 0.628125 0.0234375 0.021875
0 0.5796875 0.26796875 0.0390625 0.0234375
0 0.6421875 0.36796875 0.034375 0.015625
1 0.584375 0.86796875 0.065625 0.046875
1 0.3515625 0.31171875 0.415625 0.3359375
1 0.559375 0.296875 0.05 0.05625
1 0.59921875 0.3234375 0.046875 0.0453125
1 0.62265625 0.34140625 0.0359375 0.034375
0 0.696875 0.6265625 0.0234375 0.0171875
1 0.72421875 0.54765625 0.03125 0.025
1 0.69453125 0.43828125 0.025 0.021875