1 0.4765625 0.70546875 0.109375 0.0703125
1 0.5359375 0.6265625 0.0828125 0.0578125
1 0.58984375 0.653125 0.059375 0.0421875
1 0.63671875 0.6203125 0.046875 0.0390625
1 0.53515625 0.82890625 0.08125 0.0765625
1 0.09140625 0.1 0.1515625 0.2
1 0.48046875 0.1421875 0.1125 0.1125
1 0.66328125 0.3734375 0.0390625 0.0390625
1 0.68359375 0.40390625 0.0390625 0.0328125
1 0.6859375 0.4515625 0.0875 0.0625
0 0.3046875 0.02890625 0.1203125 0.05
0 0.33828125 0.0796875 0.0953125 0.040625
0 0.4671875 0.17890625 0.0859375 0.03125
0 0.52109375 0.21796875 0.0703125 0.03125
0 0.44921875 0.98359375 0.0828125 0.0328125
0 0.48203125 0.84921875 0.0671875 0.0265625
0 0.4828125 0.86015625 0.0703125 0.0234375