1 0.17109375 0.7140625 0.3421875 0.253125
1 0.4640625 0.83046875 0.1046875 0.1
1 0.409375 0.59921875 0.06875 0.0625
1 0.55078125 0.146875 0.1390625 0.1421875
1 0.58828125 0.49375 0.0828125 0.06875
1 0.54375 0.4859375 0.0953125 0.071875
1 0.5203125 0.6296875 0.046875 0.03125
1 0.65546875 0.50078125 0.0546875 0.0453125
1 0.6609375 0.53203125 0.059375 0.046875
1 0.634375 0.3359375 0.0453125 0.03125
1 0.68515625 0.40859375 0.0453125 0.0421875
1 0.69609375 0.4421875 0.034375 0.0375
1 0.7140625 0.553125 0.0234375 0.0234375
1 0.70078125 0.50234375 0.1078125 0.0671875
1 0.6328125 0.7171875 0.0359375 0.028125
0 0.53515625 0.1828125 0.06875 0.0390625
0 0.53984375 0.16875 0.06875 0.03125
0 0.4484375 0.9078125 0.0640625 0.03125
0 0.56171875 0.76015625 0.046875 0.025
0 0.45234375 0.6078125 0.0421875 0.034375
0 0.65546875 0.228125 0.05 0.025
0 0.659375 0.39609375 0.04375 0.025
0 0.55 0.6359375 0.03125 0.0234375