1 0.54609375 0.86171875 0.10625 0.10625
1 0.5015625 0.2109375 0.0953125 0.0859375
1 0.56796875 0.46484375 0.06875 0.0578125
1 0.590625 0.415625 0.0578125 0.040625
1 0.58671875 0.3265625 0.05625 0.0359375
1 0.6375 0.465625 0.071875 0.04375
1 0.3609375 0.140625 0.0734375 0.078125
1 0.66484375 0.3921875 0.04375 0.0421875
1 0.62109375 0.3359375 0.04375 0.0390625
1 0.64375 0.35234375 0.04375 0.0390625
1 0.70390625 0.4515625 0.059375 0.0390625
0 0.4125 0.059375 0.084375 0.0421875
0 0.5171875 0.2578125 0.059375 0.0375
0 0.59765625 0.7671875 0.0625 0.034375
0 0.5890625 0.79296875 0.0546875 0.0234375
0 0.62734375 0.8171875 0.05625 0.0328125