1 0.6734375 0.62109375 0.19375 0.1390625
1 0.440625 0.6234375 0.0734375 0.0625
1 0.484375 0.16875 0.0875 0.0859375
1 0.4125 0.36796875 0.0625 0.0390625
1 0.37734375 0.51015625 0.0640625 0.046875
1 0.50703125 0.85703125 0.1125 0.11875
1 0.33046875 0.51484375 0.0359375 0.0296875
1 0.33515625 0.30703125 0.0390625 0.028125
1 0.3890625 0.32890625 0.0328125 0.021875
1 0.934375 0.07421875 0.13125 0.0890625
1 0.690625 0.95 0.121875 0.1
0 0.5515625 0.8703125 0.0921875 0.0359375
0 0.625 0.965625 0.075 0.0390625
0 0.45703125 0.76796875 0.0578125 0.0296875
0 0.51171875 0.0390625 0.0796875 0.0328125
0 0.8359375 0.0828125 0.0546875 0.0328125
0 0.86796875 0.06484375 0.0796875 0.040625
0 0.45078125 0.13984375 0.0390625 0.021875
0 0.43671875 0.15703125 0.0421875 0.0203125
0 0.43046875 0.14453125 0.0296875 0.01875
0 0.33671875 0.42734375 0.0390625 0.021875
0 0.40234375 0.76640625 0.0484375 0.025
1 0.30546875 0.31875 0.0234375 0.0265625
1 0.3671875 0.659375 0.0375 0.0484375
1 0.3296875 0.61953125 0.0359375 0.034375
1 0.3890625 0.68203125 0.0328125 0.0203125
1 0.38125 0.66171875 0.04375 0.025
1 0.3015625 0.49453125 0.046875 0.0328125
1 0.28828125 0.50703125 0.0234375 0.0171875