1 0.37109375 0.4984375 0.2171875 0.30625
1 0.534375 0.14921875 0.040625 0.0703125
1 0.82421875 0.18828125 0.1140625 0.128125
1 0.69921875 0.33515625 0.0828125 0.109375
1 0.8890625 0.578125 0.13125 0.159375
1 0.6046875 0.103125 0.046875 0.06875
1 0.22578125 0.078125 0.05 0.071875
0 0.72265625 0.2703125 0.053125 0.0890625
0 0.82265625 0.40703125 0.0640625 0.178125
0 0.921875 0.53671875 0.0703125 0.1828125
0 0.8796875 0.33046875 0.0546875 0.0984375
0 0.9609375 0.34453125 0.0609375 0.1296875
0 0.90390625 0.246875 0.0546875 0.0859375
0 0.82890625 0.2734375 0.059375 0.1265625
0 0.75625 0.1984375 0.04375 0.0765625
0 0.753125 0.13359375 0.046875 0.0671875
0 0.36796875 0.0671875 0.0390625 0.0703125