1 0.75546875 0.61953125 0.1390625 0.15
1 0.46015625 0.465625 0.0609375 0.084375
1 0.490625 0.359375 0.05 0.053125
1 0.43828125 0.36328125 0.040625 0.0484375
1 0.884375 0.5171875 0.1015625 0.0953125
1 0.82578125 0.46640625 0.08125 0.078125
1 0.5140625 0.3 0.0265625 0.028125
1 0.6734375 0.30078125 0.034375 0.03125
1 0.46015625 0.28984375 0.03125 0.0265625
1 0.40390625 0.31640625 0.0390625 0.0296875
1 0.3734375 0.33515625 0.0390625 0.034375
1 0.6984375 0.4640625 0.028125 0.05
1 0.1203125 0.60390625 0.0734375 0.0875
0 0.01484375 0.6125 0.0296875 0.090625
0 0.0484375 0.53828125 0.0296875 0.0703125
0 0.06953125 0.53828125 0.028125 0.0640625
0 0.18359375 0.48828125 0.03125 0.0734375
0 0.9 0.55078125 0.0328125 0.0953125
0 0.7 0.43359375 0.021875 0.0296875
0 0.7609375 0.4359375 0.028125 0.0546875
0 0.7796875 0.43828125 0.0234375 0.0625
0 0.79453125 0.4515625 0.0234375 0.0625
0 0.2640625 0.4328125 0.021875 0.0609375
0 0.1484375 0.4640625 0.028125 0.06875
0 0.134375 0.45078125 0.021875 0.0578125
0 0.125 0.575 0.028125 0.0703125
0 0.246875 0.38828125 0.0171875 0.05