1 0.41015625 0.09921875 0.175 0.13125
1 0.459375 0.8296875 0.0921875 0.0953125
1 0.5546875 0.771875 0.0625 0.0609375
1 0.590625 0.2265625 0.084375 0.0921875
1 0.6859375 0.4109375 0.0375 0.0375
1 0.696875 0.44453125 0.0390625 0.0359375
1 0.65625 0.7125 0.0359375 0.028125
1 0.6578125 0.48125 0.025 0.01875
0 0.48203125 0.028125 0.1078125 0.05625
0 0.56796875 0.19296875 0.0796875 0.04375
0 0.38125 0.96484375 0.0875 0.0453125
0 0.44296875 0.890625 0.06875 0.034375
0 0.50703125 0.78984375 0.0609375 0.0390625
0 0.48203125 0.8953125 0.034375 0.025
0 0.55078125 0.815625 0.0546875 0.034375
0 0.4921875 0.8609375 0.0515625 0.028125
0 0.49140625 0.871875 0.0421875 0.0234375
0 0.64140625 0.39296875 0.05 0.0328125
0 0.65078125 0.2640625 0.046875 0.034375
0 0.64609375 0.3625 0.05625 0.03125