1 0.88515625 0.49921875 0.09765625 0.09453125
1 0.8234375 0.45 0.0640625 0.0796875
1 0.365625 0.3421875 0.04609375 0.03984375
1 0.3953125 0.3234375 0.0328125 0.03671875
0 0.01953125 0.71484375 0.0390625 0.12734375
0 0.134375 0.584375 0.04921875 0.1046875
0 0.76015625 0.40546875 0.0265625 0.06328125
0 0.1578125 0.4703125 0.03046875 0.0578125
0 0.06796875 0.5140625 0.0296875 0.06640625
1 0.45546875 0.3078125 0.0234375 0.03671875
1 0.66328125 0.290625 0.0328125 0.03671875
1 0.5703125 0.28671875 0.03046875 0.034375