0 0.0484375 0.6375 0.04453125 0.10078125
0 0.22578125 0.52109375 0.025 0.0703125
0 0.20390625 0.52421875 0.02578125 0.0765625
0 0.77109375 0.40859375 0.02265625 0.05078125
0 0.796875 0.37734375 0.01796875 0.05
0 0.8609375 0.5453125 0.0203125 0.04765625
0 0.8265625 0.496875 0.01875 0.0515625
0 0.09375 0.4921875 0.02109375 0.046875
0 0.11171875 0.4828125 0.0171875 0.04140625
1 0.69765625 0.5984375 0.1046875 0.14140625
1 0.14453125 0.5390625 0.10546875 0.10390625
1 0.7078125 0.48359375 0.0515625 0.0875
1 0.63828125 0.425 0.0578125 0.075
1 0.82890625 0.45546875 0.071875 0.07265625
1 0.74453125 0.3765625 0.053125 0.0578125
1 0.32734375 0.38828125 0.05859375 0.04609375
1 0.60703125 0.34375 0.03125 0.040625
1 0.6328125 0.3265625 0.0296875 0.04609375
1 0.47578125 0.303125 0.02890625 0.03046875
1 0.36484375 0.3421875 0.03359375 0.0328125
1 0.39296875 0.3234375 0.03515625 0.0328125
1 0.6640625 0.2921875 0.0234375 0.03203125
1 0.590625 0.278125 0.0203125 0.025
1 0.56953125 0.27421875 0.0203125 0.0296875
1 0.815625 0.53359375 0.06015625 0.06640625