0 0.06796875 0.56875 0.03125 0.08359375
0 0.13828125 0.4828125 0.02109375 0.0625
0 0.8453125 0.48359375 0.021875 0.07109375
0 0.8265625 0.40234375 0.0140625 0.0421875
0 0.77109375 0.3578125 0.0125 0.0375
0 0.71484375 0.35234375 0.01484375 0.0359375
0 0.76875 0.515625 0.02421875 0.03671875
1 0.7703125 0.5640625 0.04140625 0.05625
1 0.6796875 0.56484375 0.0890625 0.15
1 0.8109375 0.5265625 0.05390625 0.11015625
1 0.978125 0.65546875 0.04375 0.1625
1 0.6515625 0.403125 0.03125 0.06328125
1 0.60234375 0.39296875 0.0421875 0.07109375
1 0.58046875 0.3390625 0.025 0.0359375
1 0.6078125 0.32578125 0.028125 0.0359375
1 0.66328125 0.3484375 0.01953125 0.0203125
0 0.28984375 0.37421875 0.015625 0.0359375
0 0.40078125 0.33359375 0.009375 0.0328125
1 0.87734375 0.49375 0.0359375 0.05859375
1 0.28515625 0.60625 0.26640625 0.36796875
1 0.31328125 0.4 0.0484375 0.03984375
1 0.34765625 0.36640625 0.0375 0.040625
1 0.3703125 0.346875 0.028125 0.03046875
0 0.66484375 0.33359375 0.0125 0.021875
1 0.59296875 0.290625 0.0203125 0.02734375
1 0.4796875 0.296875 0.0171875 0.021875