1 0.45625 0.725 0.275 0.184375
1 0.15 0.8546875 0.121875 0.0875
1 0.15625 0.62265625 0.121875 0.0953125
1 0.1890625 0.51015625 0.1265625 0.0984375
1 0.05546875 0.59453125 0.1046875 0.0875
1 0.60859375 0.34765625 0.78125 0.4453125
0 0.5296875 0.1734375 0.159375 0.065625
0 0.3515625 0.203125 0.1375 0.0515625
0 0.21171875 0.26796875 0.1015625 0.0484375
0 0.1453125 0.26171875 0.0609375 0.0296875
0 0.19140625 0.18671875 0.1296875 0.0515625
0 0.2609375 0.15625 0.075 0.0421875
0 0.09453125 0.15390625 0.109375 0.0390625
1 0.5453125 0.08671875 0.353125 0.1734375
1 0.32109375 0.10859375 0.103125 0.1140625
1 0.296875 0.29453125 0.1390625 0.078125
1 0.08046875 0.41640625 0.1109375 0.06875
0 0.2359375 0.0625 0.11875 0.04375
0 0.1796875 0.13671875 0.046875 0.034375
0 0.17890625 0.0953125 0.0640625 0.0265625