0 0.45859375 0.46015625 0.05 0.18515625
0 0.6796875 0.4515625 0.04609375 0.12421875
0 0.72734375 0.4515625 0.05625 0.12421875
0 0.64296875 0.446875 0.04375 0.103125
0 0.81171875 0.4515625 0.03203125 0.08984375
0 0.89921875 0.50625 0.040625 0.1640625
1 0.16328125 0.49453125 0.18828125 0.14765625
1 0.03359375 0.509375 0.065625 0.08359375
1 0.16875 0.3734375 0.19921875 0.1125
1 0.49296875 0.40859375 0.475 0.39765625
1 0.93046875 0.80859375 0.1359375 0.3828125
1 0.7046875 0.58046875 0.1265625 0.1625
1 0.82265625 0.525 0.08203125 0.0890625