1 0.41171875 0.5625 0.08125 0.12890625
1 0.21171875 0.478125 0.078125 0.078125
1 0.4390625 0.39765625 0.04375 0.0484375
1 0.490625 0.33984375 0.03828125 0.05546875
1 0.45 0.34140625 0.03046875 0.0375
1 0.3625 0.340625 0.0375 0.0375
1 0.39140625 0.31640625 0.0296875 0.034375
1 0.88359375 0.503125 0.09765625 0.10390625
1 0.825 0.4484375 0.07109375 0.075
1 0.371875 0.79609375 0.05390625 0.0734375
1 0.46328125 0.30390625 0.0203125 0.03203125
1 0.50078125 0.284375 0.034375 0.05703125
0 0.371875 0.72421875 0.0375 0.08671875
0 0.11875 0.55546875 0.03515625 0.0890625
0 0.0515625 0.52421875 0.02421875 0.075
0 0.17109375 0.45859375 0.0203125 0.05546875
0 0.86015625 0.409375 0.01640625 0.05546875
0 0.84296875 0.3953125 0.0203125 0.0484375
0 0.23828125 0.53515625 0.02265625 0.04375
1 0.2453125 0.56953125 0.03984375 0.0421875
1 0.659375 0.35546875 0.0203125 0.03828125
1 0.61875 0.35078125 0.02109375 0.0375