1 0.30078125 0.78046875 0.271875 0.196875
1 0.5953125 0.853125 0.115625 0.115625
1 0.56953125 0.66640625 0.1015625 0.0890625
1 0.1421875 0.42578125 0.284375 0.2609375
1 0.4484375 0.434375 0.13125 0.115625
1 0.37578125 0.33984375 0.1453125 0.1109375
1 0.334375 0.2375 0.1296875 0.1015625
1 0.22109375 0.12421875 0.1625 0.125
1 0.459375 0.21875 0.096875 0.1046875
1 0.56171875 0.453125 0.0734375 0.0640625
1 0.6625 0.56171875 0.0734375 0.0578125
1 0.6703125 0.62890625 0.140625 0.10625
1 0.61953125 0.7390625 0.0609375 0.053125
1 0.62421875 0.37421875 0.1546875 0.1125
1 0.64921875 0.43515625 0.1078125 0.0765625
1 0.23125 0.28828125 0.08125 0.075
1 0.48671875 0.3296875 0.053125 0.0421875
0 0.64140625 0.909375 0.0875 0.0484375
0 0.3546875 0.0765625 0.078125 0.053125
0 0.40859375 0.13515625 0.08125 0.0546875
0 0.44296875 0.1578125 0.0609375 0.0375