1 0.7953125 0.7078125 0.19375 0.275
1 0.86328125 0.521875 0.115625 0.121875
1 0.41640625 0.534375 0.090625 0.115625
1 0.14453125 0.5265625 0.08125 0.10625
1 0.21953125 0.434375 0.0796875 0.1
1 0.4375 0.40078125 0.0453125 0.0625
1 0.503125 0.35078125 0.0421875 0.0671875
1 0.378125 0.3359375 0.0359375 0.04375
0 0.03359375 0.5375 0.04375 0.08125
0 0.08984375 0.528125 0.0453125 0.0796875
0 0.92734375 0.61875 0.0421875 0.10625
0 0.834375 0.4234375 0.0359375 0.05625
0 0.1578125 0.4296875 0.0375 0.0640625