1 0.490625 0.16640625 0.0890625 0.08125
1 0.49375 0.859375 0.1203125 0.13125
1 0.36796875 0.6578125 0.046875 0.0546875
1 0.5 0.58671875 0.04375 0.0296875
1 0.49375 0.65234375 0.040625 0.0359375
1 0.76171875 0.06875 0.1078125 0.090625
1 0.4921875 0.228125 0.059375 0.040625
1 0.44921875 0.28359375 0.03125 0.0234375
1 0.90859375 0.84921875 0.1078125 0.0625
1 0.83828125 0.88984375 0.140625 0.071875
0 0.6859375 0.06875 0.071875 0.0390625
0 0.56015625 0.0125 0.0859375 0.025
0 0.4671875 0.5828125 0.046875 0.03125
0 0.459375 0.65390625 0.034375 0.028125
0 0.42890625 0.74140625 0.0625 0.0234375
0 0.42890625 0.7578125 0.0609375 0.0296875
0 0.41953125 0.84609375 0.046875 0.03125
0 0.4671875 0.9359375 0.084375 0.0375
0 0.43828125 0.88828125 0.0265625 0.0203125
0 0.44375 0.15859375 0.0328125 0.015625
0 0.44921875 0.1484375 0.0375 0.0171875
0 0.42578125 0.28125 0.03125 0.0203125
1 0.3203125 0.56640625 0.0375 0.0296875
1 0.328125 0.6125 0.040625 0.0390625
0 0.81875 0.91015625 0.096875 0.046875
0 0.90078125 0.88046875 0.1 0.05625