1 0.9265625 0.76015625 0.07421875 0.10625
1 0.96953125 0.584375 0.0609375 0.115625
1 0.8640625 0.4859375 0.08671875 0.09921875
1 0.66875 0.40390625 0.0484375 0.0609375
1 0.61171875 0.384375 0.05390625 0.06484375
1 0.57109375 0.325 0.03515625 0.04375
1 0.61171875 0.30703125 0.046875 0.0734375
1 0.259375 0.4765625 0.05234375 0.08046875
1 0.28515625 0.4296875 0.075 0.07421875
1 0.3640625 0.34609375 0.04296875 0.03515625
1 0.41015625 0.32265625 0.0421875 0.0515625
1 0.4890625 0.309375 0.0375 0.04765625
0 0.21328125 0.5421875 0.02734375 0.06796875
0 0.19296875 0.546875 0.02421875 0.07734375
0 0.11640625 0.565625 0.0390625 0.090625
0 0.065625 0.59140625 0.02890625 0.07265625
0 0.03125 0.596875 0.03125 0.084375
0 0.06484375 0.7171875 0.03671875 0.109375
0 0.0359375 0.71328125 0.03828125 0.1109375
0 0.03046875 0.803125 0.0453125 0.15234375
0 0.9015625 0.5546875 0.03828125 0.084375
1 0.596875 0.43515625 0.03203125 0.0421875
0 0.33671875 0.403125 0.02265625 0.0546875