1 0.30078125 0.42734375 0.3578125 0.2234375
1 0.16484375 0.1703125 0.2890625 0.2765625
1 0.37578125 0.89609375 0.3671875 0.2078125
1 0.85234375 0.50390625 0.1703125 0.10625
1 0.81796875 0.834375 0.18125 0.1203125
1 0.87734375 0.26484375 0.0671875 0.0546875
1 0.68046875 0.67734375 0.103125 0.08125
1 0.9609375 0.53984375 0.078125 0.0859375
1 0.83203125 0.70859375 0.078125 0.059375
1 0.86015625 0.77578125 0.1015625 0.0375
1 0.6046875 0.91796875 0.1109375 0.11875
0 0.859375 0.3953125 0.1203125 0.05625
0 0.75859375 0.69140625 0.065625 0.0375
0 0.58203125 0.8890625 0.05625 0.0390625
0 0.9234375 0.271875 0.05625 0.034375
0 0.7609375 0.8328125 0.109375 0.04375
0 0.7890625 0.96484375 0.1234375 0.04375
0 0.8109375 0.8984375 0.0953125 0.03125
0 0.5546875 0.98203125 0.053125 0.0359375