1 0.64375 0.49765625 0.0390625 0.053125
0 0.87421875 0.5703125 0.02890625 0.11171875
0 0.6421875 0.45703125 0.0265625 0.0421875
0 0.790625 0.5234375 0.0234375 0.0421875
0 0.4265625 0.78046875 0.04296875 0.0859375
0 0.1234375 0.77578125 0.03671875 0.0828125
1 0.30625 0.8375 0.103125 0.20859375
1 0.13046875 0.85078125 0.0640625 0.08515625
1 0.43046875 0.8546875 0.05 0.08046875
1 0.03984375 0.65546875 0.0359375 0.0546875
1 0.0484375 0.87890625 0.096875 0.2421875
1 0.4015625 0.7359375 0.1078125 0.153125
1 0.39140625 0.615625 0.0890625 0.1140625
1 0.09765625 0.7125 0.07578125 0.1546875
1 0.2484375 0.671875 0.1515625 0.2703125
1 0.32109375 0.528125 0.0546875 0.1
1 0.403125 0.51328125 0.06875 0.09609375
1 0.7859375 0.5703125 0.05390625 0.07890625
1 0.72421875 0.4515625 0.0515625 0.0765625
1 0.69765625 0.40234375 0.05703125 0.06875
1 0.1390625 0.5203125 0.18359375 0.2671875
1 0.30234375 0.45859375 0.05546875 0.046875
1 0.384375 0.4484375 0.0609375 0.08515625
1 0.2953125 0.4234375 0.046875 0.04140625
1 0.30390625 0.39765625 0.04375 0.0359375
1 0.22734375 0.4 0.09140625 0.13203125
1 0.3546875 0.41171875 0.0515625 0.08984375