1 0.4953125 0.86484375 0.1 0.1
1 0.5421875 0.2140625 0.090625 0.0796875
1 0.571875 0.47421875 0.065625 0.053125
1 0.6015625 0.42890625 0.05625 0.0359375
1 0.61015625 0.340625 0.0546875 0.0328125
1 0.64140625 0.48515625 0.0703125 0.040625
1 0.4125 0.125 0.06875 0.0734375
1 0.678125 0.41640625 0.0421875 0.0390625
1 0.64296875 0.35390625 0.0421875 0.0359375
1 0.66328125 0.3734375 0.0421875 0.0359375
1 0.70859375 0.48046875 0.0578125 0.034375
0 0.475 0.0515625 0.0828125 0.0375
0 0.55078125 0.2625 0.0578125 0.0328125
0 0.56015625 0.778125 0.0609375 0.0296875
0 0.54765625 0.80234375 0.053125 0.0203125
0 0.58203125 0.83203125 0.0546875 0.0296875