1 0.45234375 0.31484375 0.175 0.253125
1 0.23125 0.125 0.1640625 0.184375
1 0.90078125 0.509375 0.1984375 0.253125
1 0.51953125 0.14609375 0.1109375 0.1390625
1 0.528125 0.0671875 0.084375 0.1
1 0.83828125 0.259375 0.10625 0.1484375
1 0.596875 0.0859375 0.05625 0.0703125
0 0.8140625 0.8875 0.15625 0.225
0 0.753125 0.83984375 0.09375 0.1171875
0 0.4375 0.90390625 0.125 0.15625
0 0.70546875 0.2125 0.0734375 0.1328125
0 0.9765625 0.3796875 0.046875 0.103125
0 0.95078125 0.25859375 0.0546875 0.10625