1 0.35625 0.43515625 0.1453125 0.27890625
1 0.48984375 0.3734375 0.1 0.2234375
1 0.1328125 0.196875 0.16015625 0.19375
1 0.45859375 0.0953125 0.07734375 0.13984375
1 0.89609375 0.40625 0.1 0.2109375
1 0.7875 0.14375 0.06328125 0.0875
1 0.75546875 0.11171875 0.0515625 0.09375
1 0.590625 0.1375 0.0453125 0.0765625
1 0.73984375 0.54765625 0.115625 0.14921875
0 0.9609375 0.43125 0.0359375 0.15625
0 0.7390625 0.446875 0.05703125 0.1234375
0 0.8171875 0.31484375 0.03828125 0.146875
0 0.7390625 0.140625 0.02578125 0.10546875
0 0.84375 0.2734375 0.028125 0.14296875
0 0.87578125 0.27890625 0.034375 0.084375
0 0.9296875 0.27421875 0.03203125 0.078125
0 0.95859375 0.2875 0.0265625 0.12265625
0 0.878125 0.22734375 0.03046875 0.05703125
0 0.85546875 0.171875 0.025 0.0640625
0 0.58828125 0.0890625 0.0328125 0.053125
0 0.8296875 0.14453125 0.02578125 0.084375
0 0.875 0.1140625 0.028125 0.075
0 0.89140625 0.171875 0.03203125 0.0859375
0 0.9328125 0.21015625 0.02734375 0.0625
0 0.95078125 0.175 0.0328125 0.0578125
0 0.28984375 0.10234375 0.0328125 0.0796875