1 0.71953125 0.76484375 0.13828125 0.24375
1 0.865625 0.49921875 0.0953125 0.09453125
1 0.67890625 0.47578125 0.06875 0.0875
1 0.3296875 0.8515625 0.190625 0.296875
1 0.4234375 0.5328125 0.0890625 0.11171875
1 0.31328125 0.57890625 0.08203125 0.12890625
1 0.20390625 0.5921875 0.075 0.1140625
1 0.06484375 0.671875 0.090625 0.14296875
1 0.21796875 0.46640625 0.0875 0.0765625
1 0.47109375 0.428125 0.05078125 0.0625
1 0.6015625 0.35859375 0.0421875 0.0640625
1 0.66875 0.36875 0.0765625 0.12421875
1 0.76171875 0.44609375 0.04140625 0.0515625
1 0.4109375 0.34765625 0.0796875 0.1390625
1 0.47578125 0.3390625 0.053125 0.09609375
1 0.22578125 0.7046875 0.06015625 0.06796875
1 0.33203125 0.46875 0.03125 0.04609375
0 0.93203125 0.46953125 0.028125 0.0828125
0 0.053125 0.53046875 0.0359375 0.071875
0 0.12421875 0.49375 0.0375 0.0734375
0 0.1546875 0.46640625 0.0234375 0.05703125