1 0.38046875 0.42109375 0.1328125 0.1046875
1 0.33984375 0.74375 0.2265625 0.153125
1 0.5140625 0.2125 0.0765625 0.0796875
1 0.51484375 0.7078125 0.1 0.0546875
1 0.4203125 0.83671875 0.1453125 0.078125
1 0.55390625 0.8296875 0.0703125 0.0765625
1 0.6078125 0.4625 0.05625 0.034375
1 0.60625 0.40390625 0.06875 0.0484375
1 0.40546875 0.3046875 0.05 0.04375
1 0.65625 0.36171875 0.03125 0.0375
1 0.675 0.390625 0.03125 0.0296875
1 0.66484375 0.45390625 0.0375 0.03125
0 0.29296875 0.04453125 0.109375 0.0359375
0 0.35703125 0.0265625 0.046875 0.028125
0 0.49140625 0.10703125 0.06875 0.028125
0 0.4515625 0.30625 0.0484375 0.0296875
0 0.5453125 0.925 0.06875 0.0234375
0 0.5265625 0.8421875 0.071875 0.0234375
0 0.63359375 0.73359375 0.046875 0.0203125
0 0.54140625 0.27734375 0.0484375 0.021875
0 0.61015625 0.35703125 0.0421875 0.01875
1 0.71171875 0.65859375 0.0296875 0.025
1 0.63671875 0.70390625 0.040625 0.034375