1 0.146875 0.5390625 0.11328125 0.11015625
1 0.8265625 0.45703125 0.08359375 0.08515625
1 0.96484375 0.5484375 0.0703125 0.075
1 0.84140625 0.71015625 0.07578125 0.09765625
1 0.2390625 0.4671875 0.0890625 0.0625
1 0.40234375 0.39921875 0.034375 0.06015625
1 0.74765625 0.37890625 0.05 0.0578125
1 0.84296875 0.5625 0.040625 0.0703125
1 0.39140625 0.32421875 0.034375 0.0359375
0 0.05 0.5703125 0.03671875 0.08515625
0 0.840625 0.65 0.04296875 0.06875
0 0.84140625 0.5203125 0.034375 0.05078125
0 0.9765625 0.4859375 0.03359375 0.06875
0 0.928125 0.4625 0.02109375 0.0765625
0 0.903125 0.4453125 0.02734375 0.0734375
0 0.865625 0.4359375 0.0234375 0.0546875
0 0.321875 0.41015625 0.0171875 0.0453125
0 0.146875 0.4625 0.01796875 0.0421875
0 0.115625 0.471875 0.01875 0.0375
1 0.4421875 0.38515625 0.02578125 0.0359375
1 0.45703125 0.35 0.02109375 0.02421875
1 0.6625 0.29296875 0.02421875 0.0265625