1 0.546875 0.6078125 0.625 0.784375
1 0.8328125 0.575 0.1296875 0.203125
1 0.97265625 0.6 0.0546875 0.190625
1 0.46953125 0.19609375 0.04375 0.075
1 0.603125 0.2125 0.0671875 0.0703125
1 0.64296875 0.04921875 0.0796875 0.0984375
1 0.76796875 0.12265625 0.1234375 0.159375
1 0.8328125 0.3015625 0.0890625 0.14375
0 0.09609375 0.21484375 0.05 0.1203125
0 0.60234375 0.1546875 0.040625 0.0765625
0 0.8609375 0.54296875 0.1015625 0.215625
0 0.93828125 0.24375 0.0453125 0.128125
0 0.80859375 0.18515625 0.04375 0.115625
0 0.4640625 0.14453125 0.0359375 0.0609375
0 0.8671875 0.4203125 0.040625 0.078125