1 0.88359375 0.51484375 0.14453125 0.14140625
1 0.2546875 0.64765625 0.10546875 0.18828125
1 0.22890625 0.90703125 0.2109375 0.1859375
1 0.11953125 0.721875 0.046875 0.10546875
1 0.04296875 0.72890625 0.0859375 0.1984375
1 0.803125 0.35546875 0.0796875 0.09765625
1 0.71796875 0.275 0.04765625 0.05625
1 0.67890625 0.240625 0.0375 0.05546875
1 0.059375 0.475 0.11328125 0.10859375
1 0.178125 0.41171875 0.0890625 0.11640625
1 0.1125 0.39921875 0.0765625 0.0703125
1 0.23671875 0.31953125 0.07421875 0.0515625
1 0.3203125 0.3109375 0.04609375 0.0625
1 0.3765625 0.3234375 0.05234375 0.084375
1 0.44296875 0.29375 0.04453125 0.06328125
1 0.4203125 0.36640625 0.02734375 0.0453125
1 0.7171875 0.4046875 0.04296875 0.06953125
0 0.11328125 0.66796875 0.046875 0.0921875
0 0.04296875 0.396875 0.03125 0.059375
0 0.06328125 0.38203125 0.02890625 0.0609375
0 0.11640625 0.33984375 0.028125 0.06171875
0 0.25078125 0.35703125 0.028125 0.06484375
0 0.8703125 0.3421875 0.0296875 0.075
0 0.82890625 0.30546875 0.01953125 0.0359375