1 0.11015625 0.86875 0.2203125 0.2625
1 0.25 0.6953125 0.1171875 0.1671875
1 0.45703125 0.62890625 0.20390625 0.36640625
1 0.83515625 0.34765625 0.16875 0.18828125
1 0.6359375 0.546875 0.0765625 0.14296875
1 0.48046875 0.4015625 0.0625 0.103125
1 0.36484375 0.365625 0.05 0.10546875
1 0.2828125 0.4359375 0.1171875 0.20234375
1 0.3828125 0.2359375 0.10546875 0.1625
1 0.78203125 0.1640625 0.084375 0.1328125
1 0.4921875 0.0640625 0.0703125 0.0921875
1 0.47734375 0.20703125 0.06640625 0.09375
1 0.515625 0.11796875 0.0390625 0.071875
0 0.26484375 0.5640625 0.078125 0.12578125
0 0.37421875 0.2875 0.04765625 0.0859375
0 0.48203125 0.3078125 0.05 0.08359375
0 0.6359375 0.4375 0.05546875 0.07890625
0 0.94921875 0.5125 0.046875 0.20390625
0 0.80078125 0.70078125 0.05 0.115625
0 0.76015625 0.6484375 0.05390625 0.1078125
0 0.80546875 0.63203125 0.05078125 0.075
0 0.69609375 0.16171875 0.03203125 0.115625
0 0.88359375 0.25625 0.040625 0.08984375
0 0.971875 0.28359375 0.04609375 0.12890625
0 0.77734375 0.196875 0.04375 0.1234375
0 0.846875 0.22734375 0.0296875 0.06328125
0 0.70390625 0.053125 0.03515625 0.0984375