1 0.88046875 0.44921875 0.1046875 0.1109375
1 0.434375 0.5875 0.0765625 0.13125
1 0.4140625 0.48359375 0.059375 0.084375
1 0.8203125 0.40859375 0.0703125 0.0796875
1 0.93828125 0.8921875 0.1015625 0.1234375
1 0.4609375 0.3703125 0.040625 0.05625
1 0.35859375 0.57421875 0.040625 0.059375
1 0.31953125 0.55390625 0.034375 0.053125
0 0.92890625 0.83984375 0.0515625 0.0890625
0 0.9125 0.79453125 0.0546875 0.0765625
0 0.96328125 0.43984375 0.034375 0.0765625
0 0.771875 0.40703125 0.0296875 0.0640625
0 0.7875 0.409375 0.0234375 0.0609375
0 0.06015625 0.72578125 0.0515625 0.1
0 0.03515625 0.73203125 0.0328125 0.1046875
0 0.353125 0.5375 0.0296875 0.046875
0 0.315625 0.5171875 0.03125 0.040625
0 0.16328125 0.515625 0.0390625 0.071875
1 0.34765625 0.36015625 0.0375 0.0375
1 0.371875 0.33515625 0.03125 0.0375