1 0.8109375 0.690625 0.06171875 0.08671875
1 0.83046875 0.45546875 0.078125 0.08203125
1 0.87421875 0.4921875 0.0375 0.0703125
1 0.31171875 0.39375 0.053125 0.040625
1 0.34296875 0.3640625 0.0375 0.034375
1 0.36875 0.34453125 0.0265625 0.0359375
1 0.4390625 0.31875 0.0296875 0.03671875
1 0.72109375 0.46171875 0.028125 0.04765625
1 0.75546875 0.43203125 0.02890625 0.0390625
0 0.80859375 0.640625 0.03125 0.06484375
0 0.1578125 0.45859375 0.0296875 0.05703125
0 0.2578125 0.44765625 0.02109375 0.06328125
0 0.2859375 0.44296875 0.0203125 0.05390625
0 0.2984375 0.4421875 0.02109375 0.05625
0 0.80859375 0.3953125 0.02265625 0.04921875
0 0.8703125 0.421875 0.02421875 0.05859375