0 0.45390625 0.309375 0.178125 0.08125
0 0.4609375 0.2703125 0.128125 0.0625
0 0.45546875 0.8796875 0.2328125 0.0875
0 0.4328125 0.8296875 0.2140625 0.0890625
0 0.45859375 0.4609375 0.1078125 0.071875
0 0.46796875 0.1859375 0.09375 0.0453125
0 0.48046875 0.1296875 0.0859375 0.0375
0 0.48359375 0.05703125 0.096875 0.0515625
1 0.6015625 0.8828125 0.321875 0.234375
1 0.53984375 0.475 0.1296875 0.078125
1 0.6046875 0.290625 0.1875 0.15
1 0.478125 0.7546875 0.2 0.1125
1 0.4875 0.5609375 0.0953125 0.125
1 0.4703125 0.6640625 0.128125 0.0984375