1 0.5671875 0.85859375 0.1078125 0.1078125
1 0.42265625 0.43515625 0.1171875 0.090625
1 0.45 0.3265625 0.0453125 0.04375
1 0.4921875 0.21484375 0.09375 0.09375
1 0.63046875 0.3421875 0.0375 0.0421875
1 0.66328125 0.37421875 0.0421875 0.0375
0 0.259375 0.1015625 0.1109375 0.0578125
0 0.48359375 0.3234375 0.0390625 0.0328125
0 0.2359375 0.05390625 0.096875 0.0421875
0 0.41015625 0.1828125 0.0640625 0.0265625
0 0.41796875 0.2 0.0703125 0.0296875
0 0.5859375 0.953125 0.06875 0.0296875
0 0.59765625 0.9203125 0.0703125 0.0296875
0 0.60625 0.34140625 0.0359375 0.0203125
0 0.46484375 0.15 0.08125 0.034375
0 0.55703125 0.29296875 0.0515625 0.021875
0 0.559375 0.24453125 0.0328125 0.015625