1 0.33359375 0.16171875 0.21875 0.184375
1 0.53828125 0.8921875 0.2921875 0.215625
1 0.3484375 0.80234375 0.1328125 0.1140625
1 0.57265625 0.64609375 0.0703125 0.059375
1 0.628125 0.26171875 0.1203125 0.1015625
1 0.6765625 0.3265625 0.0890625 0.075
1 0.73984375 0.5125 0.071875 0.06875
1 0.76796875 0.61015625 0.0828125 0.06875
1 0.60859375 0.80390625 0.0921875 0.0828125
1 0.63984375 0.45234375 0.096875 0.0875
1 0.70390625 0.43359375 0.08125 0.0765625
1 0.7625 0.36484375 0.153125 0.1375
1 0.71015625 0.26796875 0.0796875 0.06875
1 0.46484375 0.7296875 0.0828125 0.059375
1 0.54375 0.76171875 0.0734375 0.06875
1 0.61640625 0.7140625 0.0625 0.0546875
1 0.6453125 0.66953125 0.0546875 0.0484375
0 0.34921875 0.95625 0.1375 0.0703125
0 0.4 0.82734375 0.0890625 0.0578125
0 0.509375 0.73828125 0.0703125 0.0453125