1 0.1453125 0.534375 0.1109375 0.11796875
1 0.82734375 0.45390625 0.06953125 0.07265625
1 0.64140625 0.390625 0.02421875 0.05234375
1 0.30703125 0.40625 0.02265625 0.0390625
1 0.33203125 0.40078125 0.025 0.04453125
1 0.32578125 0.384375 0.053125 0.03359375
1 0.3671875 0.33984375 0.03203125 0.0328125
1 0.3953125 0.3203125 0.02890625 0.0359375
1 0.6765625 0.315625 0.02265625 0.0359375
1 0.6625 0.2921875 0.02421875 0.0234375
0 0.2484375 0.4953125 0.025 0.065625
0 0.21328125 0.43515625 0.021875 0.05546875
0 0.93125 0.5625 0.025 0.09140625
0 0.865625 0.53125 0.02734375 0.08359375
0 0.98046875 0.49140625 0.03203125 0.0734375
0 0.86171875 0.4171875 0.0203125 0.05
0 0.1390625 0.47265625 0.02109375 0.02734375
0 0.125 0.46953125 0.021875 0.03046875
0 0.21015625 0.3984375 0.0203125 0.02734375