1 0.7359375 0.7765625 0.2546875 0.1203125
1 0.61171875 0.13671875 0.1609375 0.121875
1 0.175 0.525 0.0734375 0.0515625
1 0.12890625 0.4375 0.065625 0.0390625
1 0.25859375 0.4390625 0.05625 0.034375
1 0.584375 0.8015625 0.0640625 0.0546875
1 0.71328125 0.92578125 0.5578125 0.1484375
0 0.51171875 0.79765625 0.08125 0.0453125
0 0.215625 0.4375 0.04375 0.0328125
0 0.54140625 0.125 0.075 0.0453125
0 0.4828125 0.0828125 0.1546875 0.046875
0 0.471875 0.046875 0.1453125 0.03125
0 0.47734375 0.01640625 0.1546875 0.0328125
0 0.3359375 0.1171875 0.1 0.0265625
0 0.33671875 0.0640625 0.1 0.0234375
0 0.25 0.88984375 0.053125 0.0265625
0 0.2484375 0.93671875 0.040625 0.028125
0 0.2046875 0.6390625 0.04375 0.03125
1 0.234375 0.7796875 0.2265625 0.1203125
1 0.10078125 0.51328125 0.059375 0.034375
1 0.059375 0.47421875 0.1078125 0.0671875
1 0.45703125 0.25625 0.1109375 0.065625
1 0.36796875 0.2921875 0.0703125 0.0546875
0 0.38671875 0.24609375 0.05625 0.034375
0 0.31171875 0.28046875 0.059375 0.028125
0 0.3265625 0.1953125 0.1125 0.0359375
0 0.39375 0.0875 0.0484375 0.0296875
0 0.3609375 0.01015625 0.0625 0.0203125
1 0.17578125 0.68828125 0.04375 0.03125
1 0.24296875 0.6390625 0.046875 0.0390625
1 0.2984375 0.940625 0.05625 0.0296875
1 0.30703125 0.89453125 0.0609375 0.059375
1 0.15703125 0.6640625 0.0375 0.0171875
1 0.221875 0.3484375 0.0578125 0.04375