1 0.80546875 0.228125 0.34375 0.2078125
1 0.87578125 0.059375 0.1578125 0.11875
1 0.728125 0.04453125 0.1625 0.0890625
1 0.45625 0.12265625 0.1125 0.121875
1 0.66875 0.17890625 0.225 0.1640625
1 0.54765625 0.25546875 0.14375 0.121875
1 0.5203125 0.37109375 0.125 0.103125
1 0.62265625 0.3 0.225 0.165625
1 0.57265625 0.08046875 0.1328125 0.0875
1 0.5515625 0.8234375 0.1 0.0734375
1 0.40078125 0.62421875 0.0546875 0.0421875
1 0.3859375 0.5875 0.046875 0.0328125
1 0.3265625 0.52421875 0.046875 0.0375
1 0.3953125 0.38359375 0.06875 0.040625
1 0.3875 0.28359375 0.184375 0.134375
1 0.67734375 0.5953125 0.115625 0.06875
0 0.7015625 0.94765625 0.090625 0.0484375
0 0.63359375 0.959375 0.065625 0.040625
0 0.49609375 0.73984375 0.06875 0.0359375
0 0.48984375 0.71953125 0.0734375 0.0359375
0 0.46640625 0.81640625 0.0640625 0.0296875
0 0.3625 0.653125 0.04375 0.0484375
0 0.3359375 0.62734375 0.04375 0.0375