1 0.546875 0.61953125 0.315625 0.234375
1 0.1625 0.6 0.0703125 0.0453125
1 0.08984375 0.31640625 0.1328125 0.1203125
1 0.27265625 0.3765625 0.1125 0.0890625
1 0.4265625 0.109375 0.1640625 0.1390625
1 0.0921875 0.5515625 0.0703125 0.0515625
1 0.21171875 0.91171875 0.0734375 0.0546875
0 0.203125 0.37890625 0.090625 0.0578125
0 0.29296875 0.2359375 0.1796875 0.0765625
0 0.37578125 0.09453125 0.1828125 0.0828125
0 0.20078125 0.21171875 0.1 0.0609375
0 0.1828125 0.13046875 0.13125 0.06875
0 0.1140625 0.2203125 0.0875 0.059375
0 0.1671875 0.2796875 0.128125 0.0671875
0 0.12421875 0.375 0.078125 0.0484375
0 0.065625 0.40234375 0.06875 0.05
0 0.14765625 0.78515625 0.071875 0.04375