1 0.51796875 0.275 0.0875 0.0546875
1 0.4890625 0.8640625 0.115625 0.0953125
1 0.66484375 0.3734375 0.0359375 0.0390625
1 0.675 0.47578125 0.0359375 0.0359375
1 0.615625 0.74375 0.065625 0.0515625
1 0.5515625 0.77265625 0.0765625 0.040625
0 0.38515625 0.01875 0.0796875 0.0375
0 0.44765625 0.03671875 0.0921875 0.0390625
0 0.45546875 0.14609375 0.0765625 0.0375
0 0.4546875 0.09296875 0.0734375 0.034375
0 0.48203125 0.16328125 0.0671875 0.028125
0 0.53046875 0.1453125 0.0578125 0.025
0 0.5390625 0.1796875 0.0703125 0.0390625
0 0.371875 0.9765625 0.1140625 0.040625
0 0.475 0.9734375 0.075 0.03125
0 0.50625 0.921875 0.0765625 0.025
0 0.53515625 0.90546875 0.0734375 0.0328125