0 0.97734375 0.4125 0.0453125 0.0875
0 0.803125 0.53671875 0.0390625 0.0515625
0 0.87421875 0.43203125 0.034375 0.0453125
0 0.846875 0.34453125 0.025 0.046875
0 0.86015625 0.33515625 0.028125 0.053125
0 0.74921875 0.35546875 0.0375 0.0578125
0 0.6625 0.65546875 0.0578125 0.128125
0 0.63125 0.5890625 0.0328125 0.05625
0 0.134375 0.67734375 0.053125 0.090625
0 0.084375 0.734375 0.05 0.0890625
0 0.07109375 0.80859375 0.04375 0.109375
0 0.09140625 0.80234375 0.0515625 0.0921875
0 0.29765625 0.5328125 0.0328125 0.0390625
0 0.06875 0.646875 0.040625 0.08125
0 0.05 0.65390625 0.040625 0.0859375
0 0.1671875 0.52421875 0.0390625 0.065625
0 0.27265625 0.4921875 0.03125 0.053125
0 0.190625 0.56015625 0.0328125 0.0421875
0 0.37734375 0.39765625 0.0203125 0.028125
0 0.32265625 0.42890625 0.0265625 0.05
0 0.30703125 0.4234375 0.0234375 0.04375
0 0.12265625 0.55546875 0.0265625 0.0515625
0 0.1453125 0.55 0.0296875 0.040625
1 0.8171875 0.59140625 0.075 0.0890625
1 0.87734375 0.4734375 0.08125 0.0859375
1 0.30625 0.56796875 0.05 0.05
1 0.190625 0.5953125 0.08125 0.0640625
1 0.40859375 0.36875 0.0515625 0.05625
1 0.38125 0.41875 0.0265625 0.0265625
1 0.8515625 0.39765625 0.1078125 0.0984375
1 0.696875 0.315625 0.059375 0.06875
1 0.5828125 0.27890625 0.025 0.034375
1 0.54296875 0.2890625 0.03125 0.0359375
1 0.334375 0.38125 0.0375 0.0375
1 0.3578125 0.35703125 0.034375 0.0390625
1 0.453125 0.29765625 0.03125 0.034375
1 0.5546875 0.27265625 0.025 0.028125