1 0.8515625 0.24765625 0.278125 0.1953125
1 0.41328125 0.375 0.1296875 0.0890625
1 0.34765625 0.48203125 0.153125 0.0765625
1 0.36484375 0.43515625 0.0859375 0.046875
1 0.803125 0.81328125 0.2203125 0.1671875
1 0.70859375 0.64140625 0.184375 0.125
1 0.64765625 0.925 0.209375 0.146875
1 0.565625 0.6359375 0.1234375 0.090625
1 0.47578125 0.6015625 0.096875 0.0828125
1 0.621875 0.75 0.1875 0.128125
1 0.50390625 0.8609375 0.1125 0.0734375
1 0.4890625 0.79453125 0.1140625 0.0703125
1 0.48359375 0.71953125 0.1203125 0.1
1 0.3546875 0.7546875 0.1390625 0.109375
1 0.8421875 0.9609375 0.203125 0.0546875
0 0.5453125 0.06875 0.1234375 0.0421875
0 0.47734375 0.12109375 0.1046875 0.040625
0 0.89296875 0.45859375 0.1578125 0.0484375
0 0.34453125 0.3015625 0.0703125 0.0328125