0 0.55234375 0.49453125 0.1765625 0.090625
0 0.57421875 0.57734375 0.1578125 0.08125
0 0.56015625 0.53203125 0.13125 0.06875
0 0.57421875 0.72578125 0.1265625 0.0765625
0 0.62421875 0.91171875 0.1421875 0.078125
1 0.40546875 0.56328125 0.253125 0.25
1 0.4765625 0.75390625 0.1671875 0.178125
1 0.49140625 0.940625 0.1703125 0.11875
1 0.47734375 0.4328125 0.15 0.125
1 0.42265625 0.178125 0.1078125 0.1203125
0 0.484375 0.14140625 0.1 0.0609375
0 0.48671875 0.178125 0.0953125 0.0609375
1 0.5703125 0.246875 0.240625 0.4265625