1 0.87265625 0.67578125 0.159375 0.225
1 0.37890625 0.91875 0.1671875 0.1625
1 0.8234375 0.3890625 0.0921875 0.0890625
1 0.86875 0.41171875 0.05 0.065625
1 0.2171875 0.54453125 0.0984375 0.1078125
1 0.33125 0.5171875 0.0703125 0.090625
1 0.38515625 0.4921875 0.0625 0.08125
1 0.45703125 0.47421875 0.078125 0.0859375
1 0.415625 0.5515625 0.05 0.0625
1 0.4390625 0.4140625 0.05 0.0640625
1 0.41015625 0.4015625 0.0359375 0.05625
1 0.2703125 0.47109375 0.0734375 0.071875
1 0.2953125 0.43984375 0.059375 0.0421875
0 0.96015625 0.49609375 0.0640625 0.115625
0 0.10625 0.6390625 0.0484375 0.0859375
1 0.40625 0.3578125 0.0453125 0.0453125
1 0.32890625 0.39921875 0.040625 0.040625
1 0.434375 0.36015625 0.0375 0.04375