1 0.01171875 0.01328125 0.0203125 0.0265625
1 0.14453125 0.53515625 0.109375 0.10859375
1 0.33828125 0.53359375 0.07734375 0.0828125
1 0.46796875 0.428125 0.046875 0.06796875
0 0.15234375 0.65625 0.05 0.12421875
0 0.3609375 0.36484375 0.01875 0.03828125
0 0.29140625 0.371875 0.01640625 0.06015625
0 0.18046875 0.43125 0.0171875 0.05390625
1 0.60546875 0.37109375 0.03828125 0.0515625
1 0.63203125 0.4546875 0.053125 0.07265625
1 0.690625 0.66640625 0.10546875 0.1703125
1 0.65546875 0.54140625 0.09453125 0.10234375
1 0.8484375 0.859375 0.19609375 0.28125
1 0.59375 0.321875 0.03125 0.03359375
1 0.771875 0.44140625 0.015625 0.028125
1 0.90078125 0.64375 0.1984375 0.4
0 0.8578125 0.4078125 0.01875 0.04921875
0 0.77265625 0.41484375 0.01640625 0.03125
0 0.8 0.3765625 0.015625 0.0453125
0 0.76328125 0.35390625 0.01796875 0.04375
0 0.72734375 0.3265625 0.0140625 0.03515625
1 0.5890625 0.2859375 0.015625 0.0328125
1 0.67578125 0.4046875 0.09296875 0.15546875
1 0.7453125 0.4203125 0.03984375 0.05859375
1 0.646875 0.309375 0.0609375 0.065625
1 0.39609375 0.3234375 0.03203125 0.025
1 0.78984375 0.5015625 0.04609375 0.096875
1 0.97578125 0.9234375 0.0453125 0.153125
1 0.74609375 0.50078125 0.0328125 0.05703125
0 0.7453125 0.46484375 0.02109375 0.01796875
0 0.73984375 0.4421875 0.0171875 0.02109375