2 0.55234375 0.55703125 0.13125 0.28125
0 0.56796875 0.34921875 0.05625 0.09453125
2 0.55390625 0.41328125 0.00625 0.0015625
1 0.76015625 0.60625 0.121875 0.29296875
0 0.84140625 0.5390625 0.04140625 0.1984375
1 0.62734375 0.20859375 0.121875 0.1796875
0 0.53984375 0.1421875 0.05625 0.0875
0 0.95078125 0.378125 0.05703125 0.18125
1 0.9203125 0.409375 0.0515625 0.15
1 0.29296875 0.4265625 0.16953125 0.27734375
1 0.48359375 0.23125 0.096875 0.14921875
1 0.3765625 0.225 0.09921875 0.14375
1 0.78359375 0.18984375 0.075 0.14140625
0 0.72734375 0.1921875 0.040625 0.121875
0 0.9453125 0.24453125 0.0671875 0.14140625