1 0.72578125 0.73828125 0.2015625 0.29375
1 0.95 0.77109375 0.0953125 0.1171875
1 0.68515625 0.5765625 0.046875 0.0609375
1 0.7171875 0.5296875 0.075 0.128125
1 0.1875 0.946875 0.196875 0.10625
1 0.084375 0.8953125 0.071875 0.090625
1 0.21171875 0.775 0.1390625 0.190625
1 0.37578125 0.7765625 0.140625 0.1484375
1 0.296875 0.63515625 0.103125 0.125
1 0.18203125 0.6296875 0.109375 0.1484375
1 0.31953125 0.52890625 0.0828125 0.1
1 0.33046875 0.45625 0.0625 0.059375
1 0.246875 0.54375 0.0625 0.1
1 0.60859375 0.44453125 0.0375 0.05
1 0.5484375 0.36953125 0.0375 0.0625
1 0.5078125 0.3859375 0.05625 0.0671875
1 0.50078125 0.31328125 0.0375 0.0625
1 0.3328125 0.4109375 0.0578125 0.053125
1 0.40078125 0.5828125 0.1328125 0.2171875
1 0.06015625 0.778125 0.0703125 0.096875
1 0.10703125 0.678125 0.075 0.0890625
0 0.8875 0.52265625 0.04375 0.1125
0 0.9328125 0.6875 0.0453125 0.0765625
0 0.075 0.82265625 0.05625 0.0875
0 0.0515625 0.6875 0.0265625 0.0515625
0 0.684375 0.53125 0.0265625 0.0484375
0 0.82109375 0.43671875 0.0375 0.05625
0 0.728125 0.4390625 0.0296875 0.0703125
0 0.86171875 0.44140625 0.034375 0.05