1 0.46484375 0.88203125 0.1484375 0.1515625
1 0.365625 0.24765625 0.1921875 0.115625
1 0.1078125 0.2078125 0.196875 0.2203125
1 0.2984375 0.10859375 0.1078125 0.053125
1 0.2953125 0.03984375 0.203125 0.0796875
1 0.628125 0.81015625 0.1015625 0.084375
1 0.71328125 0.7296875 0.059375 0.05
1 0.75 0.6921875 0.0578125 0.040625
1 0.54765625 0.0609375 0.115625 0.11875
1 0.6046875 0.1828125 0.1203125 0.0953125
1 0.62109375 0.11796875 0.075 0.0796875
1 0.69375 0.246875 0.0546875 0.078125
1 0.6984375 0.33046875 0.065625 0.05
1 0.6828125 0.3859375 0.0875 0.0578125
1 0.70859375 0.45390625 0.0640625 0.046875
1 0.6375 0.42734375 0.046875 0.0296875
1 0.58359375 0.721875 0.0703125 0.046875
0 0.35234375 0.1046875 0.09375 0.0515625
0 0.6265625 0.04921875 0.0609375 0.034375
0 0.640625 0.0703125 0.0625 0.03125
0 0.6796875 0.125 0.0640625 0.03125
0 0.65546875 0.25859375 0.0671875 0.03125
0 0.63828125 0.878125 0.0765625 0.0328125
0 0.67734375 0.83828125 0.0375 0.021875