1 0.36875 0.6921875 0.103125 0.0734375
1 0.4484375 0.55234375 0.1421875 0.1171875
1 0.07109375 0.90390625 0.1421875 0.1296875
1 0.54140625 0.6359375 0.121875 0.08125
1 0.33203125 0.3046875 0.2890625 0.1796875
1 0.50234375 0.11953125 0.09375 0.0546875
1 0.53984375 0.30234375 0.103125 0.0890625
1 0.56484375 0.3921875 0.096875 0.0765625
1 0.56875 0.16171875 0.1046875 0.0671875
1 0.63828125 0.328125 0.0703125 0.0625
1 0.64296875 0.415625 0.1015625 0.0875
1 0.6796875 0.35390625 0.0609375 0.053125
1 0.72265625 0.3828125 0.05625 0.053125
1 0.571875 0.5671875 0.0703125 0.05
1 0.559375 0.6765625 0.071875 0.0375
1 0.62109375 0.625 0.0484375 0.0328125
1 0.63984375 0.58515625 0.0515625 0.0328125
1 0.66484375 0.51796875 0.1078125 0.065625
1 0.73359375 0.54609375 0.05 0.05
1 0.50078125 0.0515625 0.0875 0.0765625
1 0.7015625 0.228125 0.1796875 0.1515625
1 0.715625 0.31796875 0.0921875 0.084375