2 0.56484375 0.54296875 0.1953125 0.3046875
0 0.5296875 0.3375 0.0765625 0.1046875
2 0.53125 0.403125 0.00625 0.003125
1 0.778125 0.53984375 0.1890625 0.3140625
0 0.840625 0.45546875 0.0875 0.203125
1 0.553125 0.18671875 0.1625 0.203125
0 0.45234375 0.14296875 0.075 0.0984375
0 0.9078125 0.27265625 0.0984375 0.1890625
1 0.8859375 0.31015625 0.0859375 0.1578125
1 0.28125 0.47890625 0.23125 0.3109375
1 0.41875 0.24296875 0.1296875 0.16875
1 0.3140625 0.26328125 0.13125 0.1640625
1 0.7 0.13046875 0.10625 0.1546875
0 0.64609375 0.14609375 0.06875 0.128125
0 0.8703125 0.14453125 0.0984375 0.153125