1 0.85546875 0.22890625 0.1484375 0.1484375
1 0.5546875 0.1015625 0.11875 0.1546875
1 0.7015625 0.35234375 0.096875 0.1
1 0.690625 0.20078125 0.075 0.065625
0 0.25703125 0.478125 0.125 0.2421875
0 0.82265625 0.5609375 0.1015625 0.2125
0 0.71171875 0.27421875 0.053125 0.075
0 0.7109375 0.1421875 0.0546875 0.0734375
0 0.83203125 0.221875 0.0703125 0.1203125
1 0.8671875 0.4265625 0.0953125 0.109375
1 0.896875 0.659375 0.1875 0.309375
0 0.95625 0.49453125 0.0875 0.1765625
0 0.9453125 0.38984375 0.071875 0.1515625
1 0.25703125 0.0984375 0.1453125 0.140625
0 0.93046875 0.29375 0.0671875 0.1078125