0 0.53359375 0.9640625 0.096875 0.0609375
0 0.54140625 0.6328125 0.0640625 0.04375
0 0.6328125 0.03046875 0.0796875 0.0421875
0 0.5921875 0.05078125 0.0734375 0.03125
0 0.525 0.09765625 0.06875 0.0328125
0 0.41171875 0.853125 0.0703125 0.040625
0 0.3875 0.8171875 0.059375 0.034375
0 0.371875 0.7875 0.0390625 0.0234375
1 0.58671875 0.64921875 0.0640625 0.0546875
1 0.4453125 0.6359375 0.103125 0.0984375
1 0.42421875 0.77578125 0.0921875 0.0984375
1 0.52734375 0.16875 0.0984375 0.0921875
1 0.36953125 0.634375 0.0328125 0.0328125
0 0.346875 0.628125 0.0265625 0.0171875
0 0.4484375 0.18046875 0.046875 0.021875
0 0.4515625 0.23828125 0.0390625 0.01875
0 0.34140625 0.5921875 0.0390625 0.021875
1 0.43359375 0.2265625 0.065625 0.0578125
1 0.33671875 0.29375 0.0359375 0.028125
1 0.30390625 0.56328125 0.0359375 0.034375
1 0.31484375 0.59375 0.0375 0.0375
1 0.30546875 0.39453125 0.0234375 0.0140625
0 0.525 0.1171875 0.0625 0.0265625
0 0.51171875 0.13203125 0.0515625 0.025
0 0.390625 0.89609375 0.046875 0.021875
1 0.33515625 0.3609375 0.0296875 0.021875
0 0.3703125 0.66328125 0.05 0.0265625