1 0.028125 0.0046875 0.021875 0.009375
1 0.14375 0.52265625 0.1125 0.1125
1 0.3375 0.528125 0.08125 0.0859375
1 0.4703125 0.42734375 0.05 0.0703125
0 0.146875 0.64375 0.0546875 0.1265625
0 0.365625 0.36015625 0.0203125 0.0375
0 0.29609375 0.36484375 0.0171875 0.059375
0 0.1828125 0.4203125 0.01875 0.053125
1 0.61015625 0.375 0.0390625 0.053125
1 0.63359375 0.459375 0.05625 0.0734375
1 0.684375 0.67265625 0.1125 0.1734375
1 0.65390625 0.546875 0.096875 0.10625
1 0.8359375 0.86328125 0.20625 0.2734375
1 0.6 0.325 0.0328125 0.0359375
1 0.7734375 0.45078125 0.0171875 0.028125
1 0.89453125 0.6578125 0.2109375 0.40625
0 0.8609375 0.4203125 0.0203125 0.05
0 0.77578125 0.42421875 0.0171875 0.03125
0 0.80390625 0.38671875 0.0171875 0.0453125
0 0.76796875 0.36328125 0.0203125 0.04375
0 0.73359375 0.334375 0.015625 0.034375
1 0.59609375 0.2890625 0.0171875 0.0328125
1 0.67890625 0.4109375 0.0984375 0.159375
1 0.74765625 0.42890625 0.0421875 0.0609375
1 0.653125 0.31484375 0.0625 0.0671875
1 0.40234375 0.31953125 0.0328125 0.0265625
1 0.78984375 0.51171875 0.05 0.0984375
1 0.9609375 0.93125 0.05 0.1375
1 0.74609375 0.509375 0.034375 0.0578125
0 0.74609375 0.4734375 0.021875 0.01875
0 0.74140625 0.45078125 0.0171875 0.021875