1 0.8953125 0.86484375 0.209375 0.2703125
1 0.43828125 0.52578125 0.05078125 0.11640625
1 0.43828125 0.440625 0.05625 0.075
1 0.296875 0.76875 0.04609375 0.09921875
1 0.2671875 0.6953125 0.0421875 0.08046875
1 0.371875 0.44296875 0.0453125 0.0765625
1 0.30859375 0.4453125 0.046875 0.065625
1 0.315625 0.39453125 0.06796875 0.05078125
1 0.490625 0.371875 0.04609375 0.05234375
1 0.6953125 0.3859375 0.0390625 0.05625
1 0.35234375 0.3609375 0.0375 0.04375
1 0.84296875 0.465625 0.06328125 0.07109375
1 0.875 0.490625 0.03359375 0.05859375
1 0.48203125 0.30234375 0.028125 0.02421875
1 0.6609375 0.31875 0.0203125 0.03984375
0 0.29140625 0.71328125 0.03515625 0.06640625
0 0.26484375 0.64140625 0.0375 0.06328125
0 0.16796875 0.4421875 0.03125 0.0625
1 0.309375 0.471875 0.04296875 0.06796875