1 0.53203125 0.1546875 0.0796875 0.090625
1 0.5640625 0.12421875 0.071875 0.0625
1 0.49453125 0.5484375 0.1 0.0859375
1 0.41953125 0.77421875 0.103125 0.1046875
1 0.3796875 0.69921875 0.0703125 0.071875
1 0.37734375 0.54453125 0.06875 0.05625
1 0.40546875 0.48984375 0.0578125 0.0484375
1 0.62421875 0.66171875 0.0625 0.05
1 0.35703125 0.6640625 0.0484375 0.05
1 0.34453125 0.4796875 0.0390625 0.034375
1 0.33515625 0.6203125 0.04375 0.04375
1 0.3234375 0.59921875 0.0390625 0.0328125
1 0.33828125 0.56875 0.053125 0.0328125
0 0.64921875 0.95 0.11875 0.0609375
0 0.4875 0.9796875 0.090625 0.040625
0 0.43203125 0.87421875 0.0796875 0.0484375
0 0.41640625 0.8453125 0.0765625 0.0453125
1 0.50625 0.77734375 0.059375 0.04375