1 0.66328125 0.40078125 0.2359375 0.1359375
1 0.78046875 0.13359375 0.1640625 0.1375
1 0.6078125 0.88828125 0.2296875 0.165625
1 0.84453125 0.415625 0.1265625 0.090625
1 0.921875 0.40078125 0.090625 0.0703125
1 0.8296875 0.753125 0.1375 0.0828125
1 0.92421875 0.471875 0.0640625 0.0453125
0 0.1828125 0.925 0.2953125 0.1046875
0 0.2484375 0.84140625 0.10625 0.075
0 0.0953125 0.5578125 0.1421875 0.1015625
0 0.83515625 0.6125 0.128125 0.05
0 0.75625 0.9265625 0.1 0.0390625
0 0.8625 0.86015625 0.103125 0.0359375
0 0.0515625 0.83671875 0.071875 0.0734375