1 0.36171875 0.4515625 0.15 0.24375
1 0.47578125 0.04375 0.06640625 0.08359375
1 0.55625 0.05859375 0.0359375 0.05625
1 0.465625 0.2015625 0.09765625 0.146875
1 0.6078125 0.46796875 0.25 0.56953125
1 0.91640625 0.41640625 0.05703125 0.12109375
1 0.78125 0.14453125 0.103125 0.1125
1 0.84296875 0.35546875 0.078125 0.10625
1 0.740625 0.340625 0.0828125 0.0953125
0 0.9296875 0.915625 0.090625 0.140625
0 0.94453125 0.378125 0.0578125 0.16796875
0 0.9484375 0.278125 0.02578125 0.125
0 0.91484375 0.29140625 0.03828125 0.13203125
0 0.69375 0.1703125 0.0328125 0.11953125
0 0.78671875 0.1984375 0.0421875 0.084375
0 0.85078125 0.278125 0.0359375 0.08515625
0 0.884375 0.146875 0.034375 0.10625