1 0.4828125 0.8328125 0.0953125 0.0984375
1 0.528125 0.140625 0.1171875 0.1296875
1 0.6390625 0.35 0.05 0.05625
1 0.61875 0.62265625 0.0546875 0.0546875
1 0.6046875 0.6703125 0.04375 0.028125
1 0.55703125 0.734375 0.0453125 0.040625
1 0.3453125 0.8734375 0.0703125 0.046875
1 0.31171875 0.93046875 0.0890625 0.0640625
0 0.5515625 0.04765625 0.0703125 0.0484375
0 0.51953125 0.015625 0.0890625 0.03125
0 0.571875 0.24609375 0.0734375 0.040625
0 0.34453125 0.94296875 0.0640625 0.0421875
0 0.3859375 0.8859375 0.0578125 0.0375
1 0.69296875 0.428125 0.0421875 0.0375
1 0.68203125 0.6015625 0.046875 0.0421875
1 0.5734375 0.76875 0.0609375 0.059375