1 0.69609375 0.565625 0.0890625 0.11875
1 0.63125 0.49140625 0.071875 0.090625
1 0.66875 0.44375 0.053125 0.065625
1 0.64609375 0.39140625 0.0484375 0.053125
1 0.82890625 0.53359375 0.0890625 0.09375
1 0.0671875 0.8140625 0.134375 0.190625
1 0.14609375 0.44453125 0.13125 0.13125
1 0.41015625 0.3140625 0.0453125 0.0453125
1 0.44453125 0.30078125 0.040625 0.04375
1 0.49140625 0.30859375 0.078125 0.096875
0 0.0171875 0.59296875 0.034375 0.1265625
0 0.05546875 0.57109375 0.059375 0.1
0 0.1796875 0.46484375 0.046875 0.0890625
0 0.228125 0.42109375 0.0453125 0.0734375
0 0.96328125 0.64921875 0.0484375 0.0859375
0 0.83828125 0.590625 0.0390625 0.06875
0 0.84921875 0.5921875 0.0375 0.071875