1 0.45390625 0.43203125 0.1484375 0.1015625
1 0.6234375 0.36484375 0.2109375 0.1375
1 0.85078125 0.39921875 0.128125 0.0921875
1 0.97421875 0.46953125 0.0515625 0.0640625
0 0.54921875 0.4390625 0.0828125 0.0484375
0 0.5859375 0.4515625 0.05625 0.0234375
0 0.6265625 0.82109375 0.16875 0.0625
0 0.8265625 0.815625 0.1078125 0.028125
0 0.53828125 0.94765625 0.1703125 0.0390625
0 0.215625 0.7859375 0.1453125 0.0671875
0 0.1 0.86875 0.1984375 0.0484375
0 0.12109375 0.82109375 0.19375 0.0609375
0 0.72109375 0.8515625 0.0734375 0.0265625
0 0.8359375 0.94609375 0.11875 0.028125
0 0.86328125 0.86875 0.109375 0.0265625
0 0.8828125 0.83984375 0.0875 0.0265625
1 0.8734375 0.765625 0.109375 0.0890625
1 0.35078125 0.96171875 0.2625 0.0765625
1 0.54296875 0.89140625 0.2375 0.0765625
0 0.9265625 0.59140625 0.046875 0.021875
1 0.87734375 0.58828125 0.065625 0.0484375
0 0.69921875 0.96796875 0.11875 0.0359375
0 0.9625 0.81171875 0.0625 0.0234375
1 0.76875 0.10859375 0.346875 0.2140625