1 0.2921875 0.6109375 0.2234375 0.3390625
1 0.33046875 0.31328125 0.140625 0.21875
1 0.48046875 0.55390625 0.13125 0.26875
1 0.48046875 0.23203125 0.1015625 0.1640625
1 0.53125 0.353125 0.128125 0.1875
1 0.78203125 0.12890625 0.1203125 0.1453125
1 0.42265625 0.1203125 0.0421875 0.0953125
1 0.51953125 0.0421875 0.0765625 0.084375
1 0.43125 0.034375 0.078125 0.065625
1 0.53359375 0.80078125 0.15625 0.1609375
0 0.52578125 0.72890625 0.0828125 0.153125
0 0.503125 0.65 0.05 0.109375
0 0.55234375 0.6421875 0.053125 0.090625
0 0.53515625 0.584375 0.046875 0.059375
0 0.6890625 0.15078125 0.0390625 0.0921875
1 0.61640625 0.1234375 0.0859375 0.1078125
1 0.79609375 0.584375 0.4078125 0.815625