1 0.40859375 0.61015625 0.1140625 0.1390625
1 0.72578125 0.684375 0.16875 0.2359375
1 0.21484375 0.45625 0.084375 0.08125
1 0.7078125 0.50703125 0.0609375 0.103125
1 0.8265625 0.61484375 0.0875 0.15
1 0.83359375 0.48046875 0.08125 0.075
1 0.4734375 0.3890625 0.0375 0.059375
1 0.41484375 0.384375 0.053125 0.0703125
1 0.29609375 0.57421875 0.046875 0.053125
1 0.37890625 0.33046875 0.040625 0.034375
1 0.409375 0.31484375 0.0328125 0.034375
1 0.471875 0.33125 0.034375 0.040625
0 0.025 0.65859375 0.04375 0.1125
0 0.01484375 0.59140625 0.0296875 0.0484375
0 0.10859375 0.4671875 0.0328125 0.0703125
0 0.30234375 0.528125 0.0328125 0.05
0 0.92734375 0.5 0.028125 0.0703125
0 0.84375 0.509375 0.028125 0.0734375
0 0.74609375 0.39140625 0.0234375 0.0484375
0 0.2828125 0.43515625 0.025 0.05
0 0.36875 0.37578125 0.021875 0.04375
1 0.6796875 0.30625 0.028125 0.03125
1 0.7171875 0.3859375 0.0375 0.04375