1 0.703125 0.6140625 0.06484375 0.0984375
1 0.55703125 0.546875 0.10625 0.1328125
1 0.9421875 0.9125 0.115625 0.175
1 0.63203125 0.446875 0.071875 0.115625
1 0.3203125 0.684375 0.15546875 0.2765625
1 0.12109375 0.53046875 0.046875 0.09140625
1 0.29921875 0.47734375 0.08203125 0.09765625
1 0.38671875 0.44453125 0.06953125 0.09140625
1 0.15703125 0.4609375 0.059375 0.1
1 0.31640625 0.37734375 0.05703125 0.06640625
1 0.403125 0.36484375 0.0796875 0.0953125
1 0.3390625 0.33359375 0.0484375 0.05703125
1 0.3640625 0.28828125 0.0484375 0.0515625
1 0.5609375 0.42265625 0.04296875 0.0671875
1 0.67109375 0.42578125 0.03203125 0.06953125
1 0.6140625 0.36875 0.02734375 0.04609375
1 0.57265625 0.353125 0.028125 0.04921875
1 0.50390625 0.334375 0.05703125 0.10234375
1 0.52578125 0.26328125 0.046875 0.0453125
1 0.053125 0.53828125 0.0703125 0.08046875
1 0.21171875 0.32265625 0.13671875 0.16796875
1 0.3 0.30078125 0.0765625 0.0859375