1 0.45859375 0.640625 0.2515625 0.1625
1 0.0453125 0.5484375 0.0875 0.0703125
1 0.05625 0.4671875 0.0578125 0.0390625
1 0.20390625 0.55 0.1515625 0.1046875
1 0.4625 0.39375 0.58125 0.2796875
1 0.39453125 0.08828125 0.125 0.0625
1 0.13046875 0.2375 0.1171875 0.109375
1 0.3375 0.16484375 0.1109375 0.0828125
1 0.328125 0.26796875 0.1 0.0875
0 0.8921875 0.04921875 0.1453125 0.0984375
0 0.3546875 0.0625 0.171875 0.0671875
0 0.2546875 0.0640625 0.1265625 0.03125
0 0.2703125 0.096875 0.1328125 0.04375
0 0.1609375 0.3234375 0.1203125 0.0390625
0 0.18359375 0.2296875 0.0859375 0.046875
0 0.26015625 0.1609375 0.0859375 0.040625
0 0.12734375 0.134375 0.1078125 0.040625