1 0.6671875 0.875 0.225 0.25
1 0.64140625 0.44375 0.103125 0.1375
1 0.5515625 0.35546875 0.09375 0.159375
1 0.59375 0.38359375 0.05625 0.090625
1 0.1265625 0.72421875 0.190625 0.2359375
1 0.31484375 0.67109375 0.1453125 0.1953125
1 0.06796875 0.54765625 0.1359375 0.2234375
1 0.353125 0.53359375 0.103125 0.13125
1 0.40703125 0.453125 0.0921875 0.1046875
1 0.22890625 0.5625 0.1484375 0.1984375
1 0.146875 0.42265625 0.0859375 0.11875
1 0.215625 0.42265625 0.0828125 0.1203125
1 0.28984375 0.434375 0.1125 0.1296875
1 0.284375 0.30078125 0.125 0.15
0 0.91015625 0.64140625 0.05625 0.1265625
0 0.87421875 0.5625 0.053125 0.1078125
0 0.45234375 0.8921875 0.0671875 0.1609375
0 0.728125 0.39375 0.040625 0.0734375