1 0.35703125 0.4515625 0.1625 0.315625
1 0.7390625 0.69453125 0.16640625 0.3453125
1 0.46328125 0.2703125 0.08671875 0.16875
1 0.44765625 0.08359375 0.06640625 0.103125
1 0.17578125 0.16796875 0.04609375 0.05234375
1 0.91484375 0.56953125 0.1703125 0.334375
1 0.90625 0.359375 0.1046875 0.1046875
1 0.79921875 0.146875 0.1078125 0.1625
1 0.6390625 0.41796875 0.07890625 0.11953125
1 0.57109375 0.72578125 0.125 0.2
1 0.55625 0.30625 0.0421875 0.096875
1 0.728125 0.30390625 0.0640625 0.08984375
0 0.91640625 0.778125 0.06953125 0.27109375
0 0.57265625 0.6421875 0.05 0.196875
0 0.540625 0.55859375 0.04609375 0.09921875
0 0.5890625 0.5421875 0.028125 0.065625
0 0.5578125 0.24140625 0.03203125 0.065625
0 0.7734375 0.22734375 0.028125 0.1359375
0 0.7953125 0.21953125 0.02421875 0.13125
0 0.89375 0.2515625 0.04140625 0.11328125
0 0.9203125 0.2140625 0.03515625 0.0875
0 0.0328125 0.50078125 0.05 0.153125
0 0.94921875 0.309375 0.0296875 0.07265625
0 0.9875 0.3109375 0.025 0.09375
0 0.8875 0.1390625 0.02734375 0.06953125
0 0.65703125 0.3296875 0.028125 0.0875
0 0.7296875 0.1671875 0.0203125 0.08203125
0 0.70625 0.15390625 0.0265625 0.08203125
0 0.17109375 0.1140625 0.03671875 0.059375
0 0.95625 0.19609375 0.025 0.1203125
0 0.57734375 0.146875 0.01953125 0.05390625
0 0.59296875 0.1328125 0.015625 0.05390625
1 0.58203125 0.196875 0.05859375 0.078125
0 0.69296875 0.0609375 0.02421875 0.07734375