1 0.41796875 0.609375 0.0625 0.0546875
1 0.509375 0.78515625 0.09375 0.08125
1 0.45 0.69375 0.0890625 0.065625
1 0.346875 0.31015625 0.05625 0.0375
1 0.29765625 0.378125 0.0546875 0.0453125
1 0.43203125 0.140625 0.090625 0.1015625
1 0.38203125 0.37421875 0.0375 0.0265625
1 0.59765625 0.7265625 0.0484375 0.034375
1 0.35546875 0.61484375 0.040625 0.0328125
1 0.38828125 0.67421875 0.0421875 0.0375
0 0.509375 0.1015625 0.1 0.0515625
0 0.5109375 0.065625 0.0921875 0.0390625
0 0.51640625 0.03515625 0.0828125 0.040625
0 0.45 0.20546875 0.059375 0.0328125
0 0.5578125 0.734375 0.04375 0.034375
0 0.61640625 0.91640625 0.0859375 0.0453125
0 0.5390625 0.8671875 0.0703125 0.0359375
0 0.5 0.82734375 0.04375 0.0234375
0 0.36328125 0.37578125 0.0234375 0.01875
0 0.396875 0.21953125 0.0546875 0.0296875
0 0.38359375 0.20546875 0.05 0.0265625
0 0.40078125 0.090625 0.0703125 0.0296875
0 0.3734375 0.14375 0.0484375 0.0234375
0 0.428125 0.0328125 0.06875 0.03125
0 0.43984375 0.04453125 0.0640625 0.025
0 0.4421875 0.0578125 0.05 0.0265625
1 0.28515625 0.45390625 0.028125 0.0203125
1 0.2734375 0.44453125 0.0234375 0.01875