0 0.3890625 0.09140625 0.25 0.1015625
0 0.4796875 0.75390625 0.1203125 0.065625
0 0.56015625 0.71171875 0.09375 0.0453125
0 0.7703125 0.6546875 0.0703125 0.0375
0 0.83671875 0.6515625 0.053125 0.0375
0 0.746875 0.9796875 0.11875 0.040625
0 0.7625 0.9109375 0.075 0.028125
0 0.74921875 0.93359375 0.075 0.0390625
0 0.90703125 0.3359375 0.065625 0.0390625
0 0.94375 0.6421875 0.0484375 0.028125
0 0.84296875 0.9078125 0.090625 0.040625
0 0.55078125 0.98515625 0.0953125 0.0296875
0 0.6578125 0.98046875 0.0875 0.0390625
0 0.93203125 0.8375 0.059375 0.03125
1 0.3484375 0.221875 0.3640625 0.196875
1 0.70703125 0.3671875 0.2046875 0.1234375
1 0.8109375 0.4671875 0.134375 0.1015625
1 0.90078125 0.5 0.109375 0.0953125
1 0.92890625 0.584375 0.1015625 0.0703125
1 0.5421875 0.9046875 0.2328125 0.159375
1 0.7796875 0.81328125 0.11875 0.0765625
1 0.6578125 0.8484375 0.1734375 0.24375
1 0.36640625 0.72890625 0.2078125 0.1453125
1 0.41015625 0.5328125 0.8109375 0.378125
1 0.83984375 0.16640625 0.1359375 0.0984375
1 0.928125 0.2359375 0.115625 0.084375
1 0.84765625 0.8171875 0.071875 0.0984375
1 0.78671875 0.73359375 0.10625 0.071875
0 0.9125 0.76484375 0.090625 0.0359375
1 0.9734375 0.50390625 0.053125 0.0671875
1 0.97734375 0.56484375 0.040625 0.0515625