1 0.79140625 0.78359375 0.175 0.34453125
1 0.8296875 0.4546875 0.08046875 0.0875
1 0.61796875 0.5640625 0.05078125 0.0578125
1 0.1453125 0.5359375 0.11796875 0.1140625
1 0.47265625 0.415625 0.05390625 0.071875
1 0.47578125 0.4609375 0.053125 0.084375
1 0.62109375 0.44921875 0.02265625 0.0421875
1 0.46328125 0.34921875 0.03515625 0.0484375
1 0.4921875 0.3359375 0.03359375 0.05234375
1 0.30859375 0.409375 0.02265625 0.040625
1 0.36640625 0.3421875 0.03515625 0.0375
1 0.39609375 0.3234375 0.03046875 0.02890625
1 0.5 0.2796875 0.01875 0.01875
1 0.45390625 0.3046875 0.04453125 0.09921875
1 0.67890625 0.31875 0.021875 0.03125
0 0.18359375 0.54296875 0.025 0.0640625
0 0.16875 0.54140625 0.01484375 0.0671875
0 0.90859375 0.4515625 0.0171875 0.06328125
0 0.7375 0.37734375 0.015625 0.04375
0 0.61640625 0.5203125 0.0265625 0.03828125
0 0.1984375 0.41484375 0.0140625 0.0484375
0 0.3609375 0.3703125 0.015625 0.04140625
0 0.61953125 0.41875 0.0171875 0.028125