1 0.76171875 0.60625 0.13125 0.14375
1 0.45859375 0.46796875 0.05703125 0.08203125
1 0.48359375 0.36015625 0.04609375 0.05
1 0.43125 0.36640625 0.03828125 0.04765625
1 0.884375 0.496875 0.09765625 0.08984375
1 0.8234375 0.44921875 0.07734375 0.0734375
1 0.50390625 0.29921875 0.02578125 0.0265625
1 0.6625 0.2921875 0.0328125 0.0296875
1 0.44921875 0.2921875 0.0296875 0.025
1 0.39453125 0.321875 0.03671875 0.028125
1 0.36484375 0.3421875 0.03828125 0.0328125
1 0.69609375 0.45390625 0.025 0.0484375
1 0.1265625 0.6234375 0.06875 0.084375
0 0.01796875 0.63828125 0.03046875 0.0890625
0 0.05078125 0.56171875 0.0265625 0.06953125
0 0.071875 0.5609375 0.02578125 0.0625
0 0.18359375 0.5046875 0.02734375 0.07265625
0 0.90234375 0.5296875 0.028125 0.09296875
0 0.69609375 0.4234375 0.0203125 0.028125
0 0.75703125 0.42265625 0.025 0.053125
0 0.77578125 0.4234375 0.0203125 0.0609375
0 0.79140625 0.4359375 0.0203125 0.0609375
0 0.2609375 0.4453125 0.01875 0.059375
0 0.146875 0.4828125 0.02421875 0.0671875
0 0.13203125 0.4703125 0.01875 0.05546875
0 0.1296875 0.59453125 0.02421875 0.06796875
0 0.24140625 0.4015625 0.0140625 0.05