1 0.5125 0.51328125 0.1046875 0.078125
1 0.5171875 0.35546875 0.096875 0.0734375
1 0.4796875 0.21171875 0.0921875 0.0734375
1 0.62578125 0.07109375 0.259375 0.1421875
1 0.52890625 0.16953125 0.1234375 0.0484375
1 0.48359375 0.721875 0.1390625 0.2171875
1 0.46875 0.94140625 0.14375 0.1171875
1 0.47734375 0.41484375 0.0734375 0.084375
1 0.47890625 0.525 0.09375 0.1515625
0 0.4703125 0.50625 0.11875 0.046875
0 0.46484375 0.3515625 0.109375 0.0453125
0 0.43828125 0.16171875 0.09375 0.0390625
0 0.4390625 0.128125 0.0640625 0.0296875
1 0.39296875 0.43828125 0.0875 0.2140625
0 0.48125 0.85078125 0.1421875 0.046875