0 0.63984375 0.64453125 0.13125 0.0890625
0 0.3171875 0.353125 0.06875 0.028125
0 0.3203125 0.21875 0.153125 0.04375
0 0.10703125 0.378125 0.096875 0.0203125
0 0.14453125 0.31796875 0.103125 0.0265625
0 0.09921875 0.43828125 0.053125 0.0328125
0 0.37265625 0.0625 0.053125 0.028125
0 0.396875 0.0203125 0.0484375 0.028125
0 0.26796875 0.08828125 0.078125 0.0328125
0 0.3171875 0.1453125 0.1125 0.0328125
0 0.22421875 0.20859375 0.071875 0.0265625
0 0.20703125 0.19140625 0.0890625 0.021875
1 0.79609375 0.646875 0.1765625 0.11875
1 0.57890625 0.0890625 0.3578125 0.178125
1 0.88125 0.4734375 0.2375 0.20625
1 0.0625 0.5625 0.09375 0.0703125
1 0.025 0.48046875 0.05 0.0703125
1 0.13671875 0.2078125 0.1578125 0.1078125
1 0.1078125 0.26640625 0.096875 0.028125
0 0.20625 0.1234375 0.053125 0.0265625
0 0.27421875 0.04609375 0.115625 0.03125
0 0.315625 0.0234375 0.128125 0.0359375
0 0.2953125 0.33984375 0.06875 0.0265625
0 0.29140625 0.37265625 0.05625 0.0234375
1 0.228125 0.90625 0.41875 0.1875
1 0.08984375 0.7859375 0.1203125 0.0765625
1 0.15390625 0.43671875 0.059375 0.0359375
1 0.40859375 0.35 0.1171875 0.0953125
1 0.78125 0.021875 0.2875 0.04375