1 0.5140625 0.88359375 0.0953125 0.1015625
1 0.56328125 0.82265625 0.071875 0.071875
1 0.5921875 0.46953125 0.0515625 0.0453125
1 0.66484375 0.63359375 0.0515625 0.0328125
1 0.640625 0.45625 0.0484375 0.0296875
1 0.653125 0.36171875 0.0328125 0.0390625
1 0.659375 0.40390625 0.0375 0.0234375
1 0.7015625 0.65625 0.0328125 0.03125
1 0.72265625 0.628125 0.0328125 0.0265625
1 0.71875 0.503125 0.025 0.0234375
1 0.6859375 0.4734375 0.025 0.0234375
1 0.67734375 0.384375 0.0328125 0.0265625
0 0.415625 0.1515625 0.0890625 0.0453125
0 0.52109375 0.9609375 0.084375 0.03125
0 0.65 0.721875 0.040625 0.021875
0 0.58046875 0.28125 0.046875 0.0171875