1 0.8625 0.54375 0.103125 0.1109375
1 0.384375 0.50859375 0.0875 0.1125
1 0.22578125 0.42578125 0.0828125 0.0875
1 0.371875 0.34609375 0.0359375 0.0390625
1 0.38984375 0.3296875 0.0375 0.0328125
1 0.41796875 0.31484375 0.03125 0.0328125
1 0.753125 0.40625 0.059375 0.0625
1 0.64921875 0.35078125 0.0265625 0.04375
1 0.61015625 0.3046875 0.028125 0.0328125
1 0.7609375 0.67734375 0.0546875 0.0890625
1 0.08046875 0.77890625 0.06875 0.103125
1 0.2046875 0.75 0.071875 0.096875
0 0.0703125 0.5609375 0.05 0.1015625
0 0.05 0.54921875 0.0328125 0.0859375
0 0.08046875 0.71953125 0.04375 0.084375
0 0.2015625 0.7015625 0.0453125 0.0640625
0 0.76640625 0.62578125 0.0359375 0.065625
0 0.1484375 0.44140625 0.0359375 0.078125
0 0.1875 0.3796875 0.0359375 0.046875
0 0.7828125 0.4046875 0.021875 0.05