1 0.86484375 0.48984375 0.09375 0.09375
1 0.4234375 0.56640625 0.075 0.10546875
1 0.32109375 0.52265625 0.0375 0.040625
1 0.2171875 0.46328125 0.08125 0.0828125
1 0.36484375 0.346875 0.03671875 0.03125
1 0.4015625 0.31875 0.03046875 0.03671875
0 0.06875 0.675 0.0421875 0.10625
0 0.3234375 0.48828125 0.02734375 0.03515625
0 0.01796875 0.690625 0.028125 0.09453125
0 0.17265625 0.5390625 0.0171875 0.06328125
0 0.190625 0.534375 0.01875 0.06796875
0 0.9609375 0.4859375 0.01953125 0.065625
0 0.93046875 0.46953125 0.01953125 0.06875
0 0.36015625 0.3703125 0.01640625 0.03515625
0 0.14921875 0.4796875 0.021875 0.07890625
0 0.3046875 0.4109375 0.0140625 0.05
0 0.25703125 0.4015625 0.0109375 0.03125