1 0.41875 0.61796875 0.103125 0.13203125
1 0.740625 0.6640625 0.15078125 0.2234375
1 0.2125 0.48125 0.07734375 0.075
1 0.7078125 0.4890625 0.05390625 0.0984375
1 0.83515625 0.5859375 0.07421875 0.14453125
1 0.83046875 0.4515625 0.07421875 0.06875
1 0.4640625 0.39140625 0.0328125 0.05703125
1 0.40546875 0.3921875 0.04609375 0.0671875
1 0.303125 0.59140625 0.0421875 0.05078125
1 0.36484375 0.34140625 0.03671875 0.03203125
1 0.39375 0.3234375 0.0296875 0.03203125
1 0.45703125 0.334375 0.03203125 0.0375
0 0.040625 0.69921875 0.03515625 0.109375
0 0.02421875 0.634375 0.0265625 0.04765625
0 0.10703125 0.5015625 0.0265625 0.06953125
0 0.30546875 0.5453125 0.02734375 0.0484375
0 0.92578125 0.4625 0.02265625 0.06796875
0 0.84296875 0.4796875 0.02109375 0.07109375
0 0.7359375 0.3703125 0.01875 0.046875
0 0.278125 0.4546875 0.0203125 0.0484375
0 0.35859375 0.3875 0.01953125 0.0421875
1 0.6625 0.29140625 0.02578125 0.0296875
1 0.70625 0.3671875 0.034375 0.04140625