1 0.6109375 0.29921875 0.2921875 0.2171875
1 0.93828125 0.27109375 0.1234375 0.1015625
1 0.86484375 0.48984375 0.1296875 0.1078125
1 0.79921875 0.58671875 0.1359375 0.1140625
1 0.946875 0.546875 0.10625 0.1
1 0.3796875 0.6109375 0.759375 0.540625
0 0.37109375 0.8015625 0.1640625 0.0859375
0 0.54921875 0.828125 0.140625 0.071875
0 0.70234375 0.81015625 0.1046875 0.0625
0 0.7640625 0.8359375 0.0640625 0.0375
0 0.696875 0.89375 0.1328125 0.06875
0 0.62109375 0.90078125 0.078125 0.0515625
0 0.778125 0.9546875 0.1125 0.053125
1 0.325 0.88515625 0.36875 0.2296875
1 0.54921875 0.92734375 0.115625 0.125
1 0.6296875 0.75859375 0.1453125 0.0953125
1 0.8734375 0.70859375 0.1171875 0.08125
0 0.61640625 0.98359375 0.1203125 0.0328125
0 0.6921875 0.94453125 0.05 0.040625
0 0.6796875 0.9828125 0.065625 0.034375