1 0.409375 0.33203125 0.1234375 0.2296875
1 0.1484375 0.20078125 0.1296875 0.1578125
1 0.89375 0.4125 0.1546875 0.221875
1 0.43359375 0.1515625 0.08515625 0.121875
1 0.42265625 0.0734375 0.06640625 0.0875
1 0.7703125 0.184375 0.0765625 0.13359375
1 0.49375 0.075 0.0421875 0.0625
0 0.9078125 0.8390625 0.0890625 0.28984375
0 0.828125 0.76875 0.0703125 0.10234375
0 0.53671875 0.90703125 0.09375 0.1375
0 0.6296875 0.17109375 0.04296875 0.1265625
0 0.9390625 0.26640625 0.03359375 0.0984375
0 0.87890625 0.15703125 0.03125 0.1015625
0 0.8125 0.965625 0.0703125 0.06796875