0 0.353125 0.6375 0.0875 0.1296875
0 0.65 0.31953125 0.0265625 0.06796875
0 0.784375 0.325 0.03984375 0.15234375
0 0.62890625 0.109375 0.01953125 0.09765625
0 0.68828125 0.14765625 0.02421875 0.10234375
0 0.56875 0.1 0.03125 0.05234375
0 0.93984375 0.38046875 0.0265625 0.053125
0 0.98125 0.40546875 0.0265625 0.0484375
0 0.915625 0.275 0.03046875 0.078125
0 0.8578125 0.3234375 0.03125 0.11328125
0 0.79609375 0.2296875 0.025 0.071875
0 0.81328125 0.2125 0.0203125 0.0890625
1 0.34765625 0.79375 0.115625 0.175
1 0.91015625 0.58671875 0.175 0.3546875
1 0.51875 0.88203125 0.2015625 0.2359375
1 0.4453125 0.06171875 0.06875 0.0921875
1 0.528125 0.025 0.06796875 0.05
1 0.7984375 0.1421875 0.1046875 0.15546875
1 0.740625 0.11171875 0.0265625 0.096875
0 0.88125 0.2125 0.02421875 0.05234375
0 0.9578125 0.28203125 0.0296875 0.11484375
0 0.9796875 0.32421875 0.034375 0.12890625
0 0.6640625 0.2984375 0.025 0.06796875
0 0.63125 0.29375 0.021875 0.05625
1 0.09375 0.221875 0.1875 0.415625
1 0.22109375 0.08515625 0.07421875 0.11796875
1 0.56953125 0.1546875 0.03515625 0.05859375
1 0.6515625 0.4109375 0.09375 0.11484375
1 0.9765625 0.790625 0.046875 0.2875