1 0.07734375 0.515625 0.15390625 0.15859375
1 0.25 0.478125 0.13984375 0.12734375
1 0.41953125 0.5328125 0.26015625 0.16171875
1 0.7234375 0.528125 0.2078125 0.2140625
0 0.04921875 0.409375 0.08515625 0.1578125
0 0.40859375 0.38671875 0.06640625 0.16015625
0 0.2625 0.39296875 0.03984375 0.0953125
0 0.29296875 0.39375 0.03828125 0.09921875
0 0.63203125 0.36171875 0.05625 0.1359375
0 0.690625 0.36328125 0.0484375 0.1515625
0 0.7859375 0.375 0.0578125 0.128125
0 0.7390625 0.3640625 0.0359375 0.109375