1 0.4484375 0.70546875 0.1890625 0.340625
1 0.20703125 0.86796875 0.25 0.2640625
1 0.9109375 0.58203125 0.178125 0.35
1 0.4671875 0.14921875 0.0890625 0.1625
1 0.79921875 0.14921875 0.10234375 0.171875
1 0.2265625 0.14921875 0.0484375 0.06171875
1 0.6578125 0.3015625 0.07265625 0.09765625
1 0.4921875 0.0359375 0.078125 0.071875
1 0.67265625 0.14765625 0.05078125 0.0734375
1 0.73671875 0.11328125 0.028125 0.0984375
1 0.9046875 0.35234375 0.109375 0.1
0 0.35859375 0.153125 0.04375 0.11640625
0 0.66328125 0.22265625 0.03046875 0.06328125
0 0.878125 0.378125 0.034375 0.05390625
0 0.22890625 0.10234375 0.0296875 0.053125
0 0.80390625 0.20546875 0.0328125 0.10546875
0 0.93203125 0.1640625 0.03125 0.1203125
0 0.8640625 0.14921875 0.02265625 0.09453125
0 0.97890625 0.39453125 0.0421875 0.0484375