1 0.75234375 0.721875 0.11875 0.1984375
1 0.17109375 0.50859375 0.05546875 0.0890625
1 0.47734375 0.38359375 0.0453125 0.05390625
1 0.8765625 0.57109375 0.07109375 0.07265625
1 0.80625 0.49765625 0.04765625 0.05234375
1 0.88359375 0.49375 0.0921875 0.10390625
1 0.3078125 0.4546875 0.03984375 0.03046875
1 0.1265625 0.7546875 0.0609375 0.0890625
1 0.47578125 0.29453125 0.040625 0.06328125
1 0.58203125 0.259375 0.02265625 0.03984375
1 0.365625 0.3421875 0.03515625 0.0296875
1 0.39375 0.32109375 0.03125 0.028125
1 0.825 0.44609375 0.06640625 0.0609375
1 0.66796875 0.353125 0.03046875 0.034375
1 0.61640625 0.33515625 0.01953125 0.02578125
0 0.12109375 0.69453125 0.0296875 0.06953125
0 0.0828125 0.65625 0.03203125 0.053125
1 0.06328125 0.71953125 0.0765625 0.11015625
0 0.309375 0.4265625 0.0203125 0.03125
0 0.17578125 0.4390625 0.01875 0.046875
0 0.203125 0.43828125 0.02734375 0.059375
0 0.8765625 0.4171875 0.01640625 0.0453125
0 0.85234375 0.4125 0.0140625 0.03984375
1 0.5140625 0.28515625 0.02265625 0.02265625
1 0.66171875 0.2921875 0.02578125 0.028125