1 0.6703125 0.79921875 0.178125 0.2640625
1 0.86015625 0.5625 0.109375 0.109375
1 0.68046875 0.50703125 0.0828125 0.0984375
1 0.27109375 0.81640625 0.2390625 0.325
1 0.41875 0.51875 0.1078125 0.1265625
1 0.30234375 0.5453125 0.1015625 0.140625
1 0.1921875 0.5390625 0.09375 0.125
1 0.04921875 0.59296875 0.0984375 0.1578125
1 0.228125 0.41796875 0.1 0.090625
1 0.484375 0.42421875 0.059375 0.0703125
1 0.62421875 0.378125 0.053125 0.0703125
1 0.6890625 0.4 0.096875 0.1359375
1 0.7671875 0.4921875 0.0484375 0.0578125
1 0.4390625 0.334375 0.103125 0.1515625
1 0.50390625 0.3375 0.06875 0.1046875
1 0.19453125 0.65390625 0.0703125 0.078125
1 0.33984375 0.43984375 0.0390625 0.0515625
0 0.93046875 0.5453125 0.0421875 0.0859375
0 0.0546875 0.45234375 0.0484375 0.0765625
0 0.13125 0.42890625 0.05 0.078125
0 0.165625 0.40703125 0.0328125 0.059375