1 0.64765625 0.50078125 0.1109375 0.1640625
1 0.12421875 0.828125 0.1546875 0.1890625
1 0.17578125 0.60859375 0.1171875 0.1078125
1 0.228125 0.52890625 0.09375 0.0828125
1 0.409375 0.378125 0.046875 0.0546875
1 0.5515625 0.3640625 0.0453125 0.059375
1 0.615625 0.3625 0.1171875 0.1484375
1 0.8875 0.63046875 0.225 0.5796875
0 0.79765625 0.34140625 0.0328125 0.0515625
0 0.80859375 0.33671875 0.0265625 0.0640625
0 0.8234375 0.33828125 0.025 0.0546875
0 0.2875 0.47109375 0.0265625 0.0546875
1 0.32421875 0.3921875 0.0421875 0.0390625
1 0.5234375 0.2875 0.028125 0.0359375
1 0.54765625 0.2734375 0.053125 0.0703125
0 0.725 0.30625 0.025 0.0484375
0 0.0640625 0.79296875 0.028125 0.05