1 0.6171875 0.33046875 0.14375 0.0765625
1 0.63515625 0.190625 0.1546875 0.0875
1 0.45859375 0.16796875 0.0765625 0.08125
1 0.534375 0.85390625 0.109375 0.115625
1 0.33671875 0.63046875 0.0375 0.0375
1 0.32109375 0.5984375 0.034375 0.034375
1 0.7921875 0.06484375 0.125 0.0859375
1 0.67890625 0.8453125 0.1359375 0.0828125
0 0.63203125 0.91484375 0.090625 0.04375
0 0.5625 0.8421875 0.090625 0.0453125
0 0.73046875 0.06171875 0.0703125 0.05
0 0.43203125 0.12578125 0.0609375 0.0234375
0 0.47265625 0.0609375 0.0734375 0.0265625
0 0.4515625 0.84609375 0.0484375 0.0265625
0 0.4515625 0.82890625 0.0578125 0.025
0 0.40234375 0.678125 0.0484375 0.0203125
0 0.384375 0.6484375 0.0421875 0.025