0 0.19609375 0.14140625 0.0734375 0.1328125
0 0.3046875 0.10390625 0.0625 0.1125
0 0.32890625 0.1125 0.0484375 0.09375
1 0.3953125 0.334375 0.4328125 0.6671875
1 0.609375 0.6828125 0.115625 0.1765625
1 0.80078125 0.98671875 0.1234375 0.0265625
1 0.87421875 0.68359375 0.2515625 0.3921875
1 0.92734375 0.46171875 0.1234375 0.11875
1 0.60390625 0.3046875 0.06875 0.096875
1 0.87578125 0.234375 0.1390625 0.175
1 0.378125 0.03359375 0.103125 0.0671875
0 0.63828125 0.57734375 0.0765625 0.1125
0 0.8203125 0.91875 0.134375 0.1625
0 0.61875 0.24375 0.0453125 0.0671875
0 0.75234375 0.253125 0.053125 0.11875
0 0.77109375 0.28046875 0.0546875 0.121875
0 0.98125 0.5078125 0.0375 0.0625
0 0.909375 0.3734375 0.0484375 0.0671875
0 0.83203125 0.26328125 0.0578125 0.125
0 0.8609375 0.27734375 0.0578125 0.1078125
0 0.98125 0.4 0.0375 0.128125
0 0.96484375 0.37578125 0.05 0.0890625
0 0.946875 0.33984375 0.0484375 0.0859375
0 0.803125 0.171875 0.034375 0.059375