1 0.2078125 0.73828125 0.1453125 0.190625
1 0.88046875 0.371875 0.175 0.25859375
1 0.82890625 0.5796875 0.090625 0.11484375
1 0.62578125 0.39609375 0.04765625 0.0609375
1 0.2390625 0.42890625 0.0796875 0.1046875
1 0.29140625 0.3671875 0.059375 0.07734375
1 0.4578125 0.26328125 0.05546875 0.0609375
1 0.546875 0.2140625 0.0546875 0.07265625
1 0.771875 0.32578125 0.0671875 0.0796875
1 0.421875 0.37421875 0.0703125 0.0828125
1 0.38984375 0.31640625 0.06328125 0.06953125
1 0.309375 0.27421875 0.1109375 0.13203125
1 0.2265625 0.34765625 0.0546875 0.06953125
1 0.73203125 0.4828125 0.04453125 0.07421875
1 0.7453125 0.3984375 0.05546875 0.06171875
1 0.68203125 0.33828125 0.04453125 0.0546875
1 0.6328125 0.3203125 0.0390625 0.04609375
0 0.97890625 0.54453125 0.0421875 0.13125
0 0.84140625 0.5234375 0.04140625 0.08046875
0 0.73046875 0.4375 0.03125 0.065625