2 0.55859375 0.55 0.1640625 0.2953125
0 0.54921875 0.3421875 0.0671875 0.1
2 0.54296875 0.40703125 0.00625 0.0015625
1 0.77109375 0.5734375 0.15625 0.30625
0 0.84375 0.496875 0.0640625 0.2015625
1 0.590625 0.1953125 0.1421875 0.19375
0 0.49609375 0.13984375 0.0671875 0.09375
0 0.9328125 0.32421875 0.078125 0.1875
1 0.90625 0.35859375 0.06875 0.1546875
1 0.2859375 0.45234375 0.2015625 0.296875
1 0.45078125 0.23515625 0.1140625 0.1609375
1 0.34375 0.2421875 0.1171875 0.1546875
1 0.74375 0.1578125 0.0921875 0.1484375
0 0.68828125 0.16640625 0.0546875 0.1265625
0 0.9109375 0.1921875 0.084375 0.1484375