0 0.4125 0.521875 0.559375 0.95625
0 0.76796875 0.4734375 0.028125 0.0734375
0 0.94375 0.5125 0.02578125 0.153125
0 0.971875 0.5171875 0.03046875 0.13203125
0 0.8921875 0.475 0.0296875 0.0609375
0 0.85625 0.48046875 0.0171875 0.034375
1 0.78046875 0.54375 0.0671875 0.0890625
1 0.8984375 0.52734375 0.05625 0.06328125
1 0.728125 0.49765625 0.05390625 0.0765625
1 0.6328125 0.50390625 0.06328125 0.0921875
1 0.03125 0.54375 0.0625 0.0953125
1 0.165625 0.52734375 0.08828125 0.08828125
1 0.8546875 0.484375 0.0515625 0.08984375