1 0.290625 0.4703125 0.3578125 0.2234375
1 0.1234375 0.24609375 0.246875 0.2765625
1 0.46171875 0.9046875 0.3671875 0.190625
1 0.8453125 0.43046875 0.1703125 0.10625
1 0.88046875 0.7609375 0.18125 0.1203125
1 0.8203125 0.19140625 0.0671875 0.0546875
1 0.7140625 0.6359375 0.103125 0.08125
1 0.96015625 0.44296875 0.0796875 0.0859375
1 0.86875 0.63515625 0.078125 0.059375
1 0.909375 0.6953125 0.1015625 0.0375
1 0.6890625 0.88671875 0.1109375 0.11875
0 0.83046875 0.3234375 0.1203125 0.05625
0 0.79296875 0.63359375 0.065625 0.0375
0 0.6609375 0.86328125 0.05625 0.0390625
0 0.8671875 0.1890625 0.05625 0.034375
0 0.825 0.77109375 0.109375 0.04375
0 0.87890625 0.89453125 0.1234375 0.04375
0 0.88671875 0.82578125 0.0953125 0.03125
0 0.6546875 0.965625 0.053125 0.046875