0 0.5078125 0.58125 0.984375 0.73125
0 0.42265625 0.2421875 0.078125 0.0421875
0 0.42734375 0.06171875 0.1546875 0.053125
0 0.4265625 0.03359375 0.134375 0.05625
0 0.40078125 0.11953125 0.065625 0.040625
0 0.4125 0.15390625 0.0375 0.0234375
1 0.4890625 0.21640625 0.1 0.0828125
1 0.45078125 0.10390625 0.071875 0.0671875
1 0.45390625 0.2765625 0.0859375 0.0671875
1 0.478125 0.36875 0.103125 0.0796875
1 0.63203125 0.9515625 0.10625 0.0796875
1 0.590625 0.82265625 0.103125 0.103125
1 0.4171875 0.1546875 0.0984375 0.0671875