1 0.75546875 0.76015625 0.08125 0.1
1 0.83125 0.53671875 0.0953125 0.0984375
1 0.86484375 0.5828125 0.053125 0.0765625
1 0.34296875 0.3515625 0.0609375 0.0515625
1 0.38046875 0.33046875 0.0453125 0.0421875
1 0.41015625 0.3171875 0.034375 0.040625
1 0.484375 0.309375 0.0375 0.04375
1 0.7234375 0.51640625 0.0390625 0.0515625
1 0.7640625 0.49609375 0.0375 0.0453125
0 0.765625 0.7109375 0.046875 0.071875
0 0.178125 0.37734375 0.0421875 0.0625
0 0.27734375 0.390625 0.0359375 0.065625
0 0.30625 0.39296875 0.0328125 0.05625
0 0.31875 0.3953125 0.034375 0.059375
0 0.825 0.4734375 0.0328125 0.053125
0 0.878125 0.5140625 0.0390625 0.0640625