1 0.446875 0.64765625 0.2625 0.2109375
1 0.36484375 0.89296875 0.1609375 0.16875
1 0.2296875 0.5921875 0.1578125 0.1328125
1 0.42109375 0.07109375 0.2609375 0.1421875
1 0.27265625 0.36015625 0.1296875 0.1046875
1 0.340625 0.13984375 0.1875 0.1375
0 0.6390625 0.021875 0.25 0.04375
0 0.1734375 0.259375 0.1359375 0.06875
0 0.20234375 0.22265625 0.140625 0.071875
0 0.18359375 0.1765625 0.128125 0.0640625
0 0.1640625 0.209375 0.0921875 0.0453125
0 0.2078125 0.3640625 0.0859375 0.05625
1 0.14609375 0.4453125 0.084375 0.078125
0 0.10078125 0.16015625 0.11875 0.059375
0 0.10078125 0.45 0.071875 0.0484375
1 0.8078125 0.721875 0.384375 0.48125