1 0.6 0.30703125 0.0484375 0.0484375
1 0.6296875 0.34296875 0.0515625 0.04375
1 0.65625 0.3625 0.040625 0.0359375
1 0.67109375 0.39765625 0.0359375 0.028125
1 0.440625 0.2109375 0.065625 0.0390625
0 0.41015625 0.10078125 0.0875 0.0296875
0 0.471875 0.1734375 0.071875 0.0328125
0 0.52578125 0.234375 0.0625 0.0296875
0 0.6046875 0.75703125 0.0515625 0.0265625
0 0.6125 0.796875 0.0484375 0.015625
0 0.621875 0.80390625 0.0390625 0.0125
0 0.64921875 0.71484375 0.0390625 0.0125
0 0.51796875 0.85703125 0.05625 0.0203125
0 0.47109375 0.20859375 0.0375 0.025