1 0.4046875 0.4015625 0.04609375 0.05546875
1 0.2171875 0.46484375 0.06796875 0.084375
1 0.31640625 0.4203125 0.05234375 0.08203125
1 0.71171875 0.378125 0.0296875 0.0515625
1 0.65234375 0.31953125 0.0375 0.05
1 0.865625 0.4890625 0.090625 0.07734375
1 0.64296875 0.403125 0.02109375 0.03515625
1 0.2609375 0.5609375 0.02734375 0.0453125
1 0.409375 0.3390625 0.02734375 0.0359375
1 0.3453125 0.3625 0.03125 0.03671875
0 0.8921875 0.571875 0.0375 0.0953125
0 0.92734375 0.57890625 0.02578125 0.0890625
0 0.95625 0.5890625 0.028125 0.0796875
0 0.7984375 0.496875 0.02421875 0.05625
0 0.259375 0.5203125 0.02734375 0.04140625
0 0.0703125 0.55 0.03203125 0.08203125
0 0.13125 0.48125 0.02421875 0.0671875
0 0.1765625 0.4484375 0.0171875 0.0421875
0 0.64375 0.384375 0.01484375 0.021875
0 0.79296875 0.4421875 0.021875 0.0515625
0 0.809375 0.43125 0.01875 0.04609375
0 0.91953125 0.465625 0.01953125 0.06953125
0 0.871875 0.43046875 0.015625 0.04609375
0 0.97265625 0.50234375 0.02109375 0.065625
0 0.959375 0.51171875 0.01640625 0.06328125
0 0.94609375 0.5125 0.01953125 0.04609375
1 0.57890625 0.2953125 0.0171875 0.025
1 0.58984375 0.28515625 0.015625 0.02109375