1 0.4671875 0.63984375 0.0609375 0.05
0 0.34140625 0.84609375 0.115625 0.0546875
0 0.50703125 0.6484375 0.046875 0.0359375
0 0.40703125 0.7765625 0.046875 0.0328125
0 0.2453125 0.3609375 0.09375 0.0625
0 0.3234375 0.06796875 0.0890625 0.05625
1 0.21953125 0.23046875 0.228125 0.15
1 0.24921875 0.05625 0.096875 0.0828125
1 0.17265625 0.346875 0.090625 0.06875
1 0.459375 0.01953125 0.0625 0.0390625
1 0.24140625 0.0234375 0.2578125 0.046875
1 0.29453125 0.34765625 0.175 0.1421875
1 0.4140625 0.36640625 0.1328125 0.1140625
1 0.39140625 0.0578125 0.16875 0.1109375
1 0.39375 0.2140625 0.2984375 0.2125
1 0.515625 0.31953125 0.1109375 0.0765625
1 0.5109375 0.403125 0.1109375 0.090625
1 0.3625 0.76015625 0.0890625 0.0703125
1 0.49296875 0.72890625 0.0875 0.06875
1 0.546875 0.715625 0.0796875 0.071875
1 0.56796875 0.14453125 0.303125 0.24375
1 0.58828125 0.31796875 0.059375 0.065625
1 0.578125 0.4 0.096875 0.0796875
1 0.6234375 0.31953125 0.05 0.0546875
1 0.646875 0.334375 0.0453125 0.0515625
1 0.66328125 0.259375 0.15 0.1203125
1 0.62109375 0.38046875 0.1 0.071875