0 0.53046875 0.06328125 0.0890625 0.05
0 0.5984375 0.1515625 0.065625 0.0359375
0 0.43828125 0.83984375 0.075 0.0375
0 0.521875 0.83984375 0.04375 0.0234375
0 0.57734375 0.79609375 0.0390625 0.0203125
0 0.5953125 0.7421875 0.0390625 0.0234375
0 0.42421875 0.75859375 0.0421875 0.0328125
1 0.3765625 0.74921875 0.0640625 0.0515625
1 0.39609375 0.66015625 0.165625 0.1203125
1 0.40390625 0.796875 0.11875 0.0765625
1 0.240625 0.93125 0.16875 0.0796875
1 0.56015625 0.66953125 0.0671875 0.04375
1 0.58125 0.6234375 0.0796875 0.0578125
1 0.6390625 0.61484375 0.040625 0.0328125
1 0.6453125 0.64453125 0.040625 0.0359375
1 0.6109375 0.69296875 0.0234375 0.0234375
0 0.66953125 0.3234375 0.0390625 0.0234375
0 0.684375 0.440625 0.034375 0.0171875
1 0.42109375 0.86875 0.065625 0.0484375
1 0.44453125 0.26640625 0.41875 0.3421875
1 0.6390625 0.340625 0.05 0.05625
1 0.6640625 0.38125 0.0484375 0.0453125
1 0.678125 0.4078125 0.0375 0.034375
0 0.625 0.6984375 0.0234375 0.0171875
1 0.6828125 0.6375 0.03125 0.0265625
1 0.70234375 0.52578125 0.025 0.021875