1 0.2796875 0.43671875 0.1625 0.2625
1 0.17734375 0.1203125 0.07734375 0.115625
1 0.4078125 0.146875 0.08515625 0.1140625
1 0.5171875 0.1890625 0.0890625 0.11953125
1 0.44453125 0.04921875 0.0796875 0.0984375
1 0.6421875 0.62109375 0.38046875 0.7515625
0 0.82265625 0.5578125 0.0515625 0.15703125
0 0.80859375 0.378125 0.04140625 0.134375
0 0.75625 0.2328125 0.040625 0.0984375
0 0.76796875 0.1671875 0.025 0.05859375
0 0.8390625 0.21953125 0.040625 0.1265625
0 0.86328125 0.2921875 0.0359375 0.071875
0 0.88046875 0.1265625 0.0296875 0.1078125
1 0.91796875 0.5828125 0.1640625 0.340625
1 0.90546875 0.35625 0.10625 0.09453125
1 0.72265625 0.315625 0.0671875 0.13359375
1 0.61953125 0.0890625 0.05859375 0.10546875
0 0.95859375 0.275 0.03515625 0.11484375
0 0.88984375 0.2125 0.03125 0.04375
0 0.93125 0.215625 0.02109375 0.06171875