1 0.459375 0.15546875 0.0671875 0.08125
1 0.484375 0.11875 0.0640625 0.053125
1 0.5046875 0.5484375 0.0890625 0.071875
1 0.478125 0.78515625 0.0890625 0.090625
1 0.42421875 0.7203125 0.0609375 0.0625
1 0.38984375 0.56875 0.0625 0.046875
1 0.40546875 0.509375 0.0515625 0.040625
1 0.65546875 0.6328125 0.05625 0.0421875
1 0.39375 0.68984375 0.040625 0.04375
1 0.34375 0.51171875 0.034375 0.028125
1 0.36328125 0.6515625 0.0375 0.0375
1 0.34765625 0.63359375 0.034375 0.0265625
1 0.35625 0.60078125 0.05 0.025
0 0.7390625 0.909375 0.1125 0.0421875
0 0.5890625 0.97890625 0.084375 0.040625
0 0.5109375 0.88046875 0.075 0.0359375
0 0.48984375 0.8546875 0.071875 0.034375
1 0.5640625 0.7703125 0.053125 0.0359375