1 0.43125 0.77421875 0.1609375 0.15
1 0.52578125 0.4546875 0.0890625 0.0671875
1 0.6359375 0.4640625 0.05625 0.053125
1 0.62265625 0.41328125 0.0515625 0.04375
1 0.55625 0.88046875 0.103125 0.1078125
1 0.5953125 0.81328125 0.084375 0.0875
1 0.69921875 0.47578125 0.0296875 0.028125
1 0.728125 0.63203125 0.034375 0.0359375
1 0.6984375 0.42109375 0.028125 0.0328125
1 0.66171875 0.37109375 0.0328125 0.040625
1 0.6375 0.34453125 0.0375 0.0421875
1 0.57265625 0.6875 0.0515625 0.03125
1 0.32578125 0.14765625 0.09375 0.0796875
0 0.29609375 0.0421875 0.0921875 0.04375
0 0.3765625 0.0640625 0.071875 0.0359375
0 0.3796875 0.084375 0.065625 0.0328125
0 0.4515625 0.1875 0.075 0.0375
0 0.5265625 0.90234375 0.096875 0.040625
0 0.603125 0.68359375 0.03125 0.0234375
0 0.6125 0.74375 0.05625 0.0328125
0 0.6140625 0.7625 0.0625 0.028125
0 0.60390625 0.7796875 0.0625 0.028125
0 0.52109375 0.25546875 0.0609375 0.0265625
0 0.46796875 0.14765625 0.0703125 0.034375
0 0.478125 0.13125 0.0578125 0.0265625
0 0.3546875 0.14609375 0.071875 0.034375
0 0.56171875 0.23046875 0.0515625 0.0203125