1 0.8609375 0.4453125 0.1046875 0.1046875
1 0.43203125 0.575 0.0875 0.1140625
1 0.325 0.54453125 0.0421875 0.0453125
1 0.21484375 0.49765625 0.090625 0.0921875
1 0.346875 0.36484375 0.040625 0.0359375
1 0.38046875 0.33203125 0.0359375 0.040625
0 0.09296875 0.7265625 0.0546875 0.1109375
0 0.3234375 0.51015625 0.0328125 0.0375
0 0.04453125 0.74765625 0.0390625 0.096875
0 0.1796875 0.57890625 0.025 0.0640625
0 0.196875 0.571875 0.0265625 0.0703125
0 0.95546875 0.4296875 0.0265625 0.0671875
0 0.9234375 0.4171875 0.0265625 0.0703125
0 0.3453125 0.38828125 0.0203125 0.0359375
0 0.14921875 0.52265625 0.03125 0.0796875
0 0.2953125 0.43515625 0.0203125 0.0515625
0 0.246875 0.43203125 0.0140625 0.0328125