1 0.32109375 0.89453125 0.11953125 0.2109375
1 0.05390625 0.909375 0.1078125 0.18125
1 0.41796875 0.5828125 0.09453125 0.12734375
1 0.86171875 0.5359375 0.09375 0.1265625
1 0.82734375 0.446875 0.06875 0.0578125
1 0.8875 0.4953125 0.0796875 0.0921875
1 0.76015625 0.625 0.05390625 0.07734375
1 0.6484375 0.58515625 0.0421875 0.071875
1 0.68671875 0.4921875 0.05625 0.09609375
1 0.47265625 0.3765625 0.04140625 0.053125
1 0.21328125 0.48515625 0.08515625 0.075
1 0.428125 0.3328125 0.06484375 0.13671875
1 0.6890625 0.42578125 0.04921875 0.0453125
0 0.759375 0.5734375 0.0296875 0.05234375
0 0.65 0.540625 0.03671875 0.05234375
0 0.159375 0.4734375 0.02421875 0.07109375