1 0.3625 0.43359375 0.0671875 0.1140625
1 0.1953125 0.77890625 0.090625 0.1921875
0 0.3625 0.32890625 0.0828125 0.0796875
0 0.18515625 0.61953125 0.0984375 0.1171875
0 0.62890625 0.18828125 0.04375 0.03125
0 0.640625 0.21796875 0.0546875 0.0609375
1 0.46953125 0.19140625 0.109375 0.1890625
1 0.6421875 0.29765625 0.0796875 0.0890625
1 0.38359375 0.79453125 0.1875 0.39375
0 0.7 0.15703125 0.0578125 0.1296875
1 0.77109375 0.259375 0.115625 0.1796875
1 0.5640625 0.1546875 0.0875 0.1515625
0 0.8921875 0.32109375 0.04375 0.14375
0 0.95078125 0.5625 0.0609375 0.2359375
0 0.9703125 0.31484375 0.05 0.1609375
1 0.41875 0.0671875 0.0734375 0.1078125
0 0.4921875 0.06875 0.04375 0.04375
0 0.59375 0.04375 0.053125 0.0421875
0 0.66015625 0.0796875 0.0546875 0.1046875