1 0.11875 0.29375 0.21875 0.1328125
1 0.12265625 0.04296875 0.1890625 0.0859375
1 0.4234375 0.4125 0.134375 0.103125
1 0.4390625 0.85859375 0.1328125 0.103125
1 0.53046875 0.83046875 0.0625 0.071875
1 0.47734375 0.88671875 0.096875 0.0859375
1 0.35703125 0.75078125 0.08125 0.0578125
1 0.4046875 0.6421875 0.075 0.046875
1 0.49453125 0.68671875 0.1 0.0625
1 0.625 0.48125 0.05625 0.04375
1 0.53515625 0.21484375 0.08125 0.0890625
1 0.671875 0.43984375 0.1421875 0.075
1 0.5609375 0.69375 0.0484375 0.053125
0 0.40859375 0.75390625 0.0546875 0.0328125
0 0.44921875 0.646875 0.05625 0.040625
0 0.55 0.16171875 0.0734375 0.0296875