1 0.671875 0.6140625 0.0734375 0.1421875
1 0.81171875 0.6296875 0.08515625 0.15234375
1 0.83125 0.453125 0.0796875 0.075
1 0.146875 0.540625 0.1140625 0.1078125
1 0.36640625 0.3390625 0.0375 0.03671875
1 0.3984375 0.32265625 0.03359375 0.03515625
1 0.93984375 0.784375 0.08515625 0.1234375
1 0.1578125 0.68515625 0.08046875 0.13515625
0 0.0875 0.6390625 0.0421875 0.08984375
0 0.15859375 0.56875 0.04375 0.08984375
0 0.9421875 0.72265625 0.0484375 0.06953125
0 0.87265625 0.42578125 0.021875 0.0609375
0 0.93828125 0.46484375 0.025 0.0734375
0 0.153125 0.4578125 0.02421875 0.0484375
0 0.1703125 0.45703125 0.0234375 0.0578125
0 0.3203125 0.40546875 0.01796875 0.0484375
0 0.34921875 0.38671875 0.02578125 0.0421875