1 0.36953125 0.83671875 0.284375 0.2109375
1 0.5671875 0.8578125 0.128125 0.121875
1 0.446875 0.42734375 0.1203125 0.096875
1 0.3890625 0.16171875 0.1109375 0.0875
1 0.4953125 0.21171875 0.103125 0.0859375
1 0.58125 0.41484375 0.065625 0.05
1 0.64609375 0.46640625 0.06875 0.046875
1 0.6296875 0.34140625 0.0453125 0.0390625
0 0.35078125 0.05625 0.0828125 0.05
0 0.3734375 0.10859375 0.08125 0.05
0 0.48828125 0.94296875 0.10625 0.0484375
0 0.65546875 0.80625 0.0578125 0.0390625
0 0.48515625 0.15078125 0.065625 0.0421875