1 0.165625 0.80390625 0.19375 0.2
0 0.02578125 0.7265625 0.0390625 0.1234375
1 0.4015625 0.6078125 0.090625 0.1109375
1 0.68671875 0.4484375 0.059375 0.0890625
1 0.86328125 0.478125 0.09375 0.0921875
1 0.83828125 0.540625 0.06875 0.1078125
1 0.61328125 0.36796875 0.0390625 0.0546875
1 0.73046875 0.365625 0.05 0.0703125
1 0.21640625 0.475 0.08125 0.08125
1 0.34296875 0.37109375 0.0328125 0.0421875
1 0.36171875 0.35078125 0.0328125 0.0328125
1 0.390625 0.33125 0.0375 0.0296875
1 0.46015625 0.32421875 0.0328125 0.040625
0 0.1328125 0.5484375 0.034375 0.08125
0 0.134375 0.496875 0.028125 0.0546875
0 0.8015625 0.3828125 0.0203125 0.05625
1 0.675 0.36953125 0.028125 0.05625
1 0.6546875 0.309375 0.0265625 0.0359375
1 0.4265625 0.3546875 0.0203125 0.0359375
1 0.41015625 0.3484375 0.0203125 0.03125