1 0.31953125 0.73984375 0.2484375 0.3578125
1 0.390625 0.34765625 0.15 0.196875
1 0.11640625 0.25703125 0.1296875 0.1375
1 0.36953125 0.190625 0.1140625 0.134375
1 0.73046875 0.11640625 0.125 0.1265625
1 0.4640625 0.203125 0.040625 0.0796875
1 0.50703125 0.4328125 0.0671875 0.1203125
1 0.7515625 0.64296875 0.1203125 0.1859375
1 0.878125 0.3625 0.1703125 0.2484375
1 0.4875 0.0375 0.05625 0.075
1 0.45703125 0.11328125 0.0703125 0.103125
0 0.85078125 0.44453125 0.0671875 0.190625
0 0.75625 0.534375 0.0671875 0.1390625
0 0.496875 0.35234375 0.0578125 0.0921875
0 0.74453125 0.1890625 0.05 0.13125
0 0.64453125 0.15546875 0.0609375 0.14375
0 0.8453125 0.17734375 0.0421875 0.071875