0 0.7953125 0.65390625 0.1765625 0.075
1 0.5421875 0.21171875 0.4984375 0.33125
1 0.46953125 0.8328125 0.0640625 0.0484375
1 0.41328125 0.78203125 0.0859375 0.0859375
1 0.35546875 0.7390625 0.078125 0.0703125
1 0.3203125 0.715625 0.0609375 0.0515625
1 0.30078125 0.421875 0.059375 0.0515625
1 0.30625 0.3453125 0.090625 0.0828125
1 0.30546875 0.1796875 0.0953125 0.096875
1 0.284375 0.675 0.0421875 0.0421875
1 0.721875 0.87109375 0.084375 0.075
1 0.61484375 0.796875 0.0703125 0.0625
0 0.321875 0.0484375 0.071875 0.0359375
0 0.6703125 0.88359375 0.075 0.0546875
0 0.57421875 0.80625 0.06875 0.05625
0 0.58984375 0.93828125 0.0953125 0.053125
0 0.509375 0.97578125 0.0859375 0.046875
0 0.575 0.98359375 0.0796875 0.0328125
0 0.425 0.846875 0.0671875 0.034375