1 0.6578125 0.46484375 0.07109375 0.0890625
1 0.88125 0.5015625 0.0890625 0.10234375
1 0.82578125 0.45234375 0.06953125 0.07265625
1 0.284375 0.57890625 0.0640625 0.121875
1 0.3640625 0.34296875 0.0328125 0.0328125
1 0.39296875 0.3234375 0.03125 0.03359375
1 0.06328125 0.76484375 0.05625 0.07890625
0 0.9609375 0.49921875 0.0234375 0.07890625
0 0.9234375 0.45390625 0.02109375 0.06953125
0 0.8921875 0.42578125 0.0203125 0.0640625
0 0.04375 0.5671875 0.03671875 0.0921875
0 0.259375 0.46875 0.02421875 0.0734375