1 0.31875 0.54609375 0.24375 0.4015625
1 0.35390625 0.203125 0.115625 0.165625
1 0.42734375 0.1265625 0.0875 0.125
1 0.53828125 0.5390625 0.0765625 0.153125
1 0.81875 0.31796875 0.1734375 0.2
1 0.10546875 0.17578125 0.0609375 0.0640625
1 0.7375 0.125 0.0859375 0.1328125
1 0.6171875 0.1328125 0.0671875 0.115625
1 0.5875 0.06328125 0.0765625 0.0859375
0 0.52734375 0.434375 0.059375 0.0703125
0 0.503125 0.1296875 0.05 0.115625
0 0.6984375 0.140625 0.0421875 0.109375
0 0.84921875 0.196875 0.0390625 0.0875
0 0.815625 0.19140625 0.040625 0.075
0 0.78828125 0.20625 0.03125 0.0453125
0 0.9015625 0.14765625 0.0453125 0.115625
0 0.8171875 0.096875 0.040625 0.1
0 0.7890625 0.125 0.0390625 0.0609375
0 0.66484375 0.096875 0.0421875 0.1125
0 0.83515625 0.05390625 0.0375 0.05625
0 0.7203125 0.01953125 0.034375 0.0390625
0 0.08984375 0.134375 0.0375 0.053125