1 0.84296875 0.13671875 0.11875 0.0953125
1 0.68046875 0.05859375 0.125 0.084375
1 0.56171875 0.140625 0.115625 0.10625
1 0.44140625 0.31484375 0.0703125 0.059375
1 0.41015625 0.36640625 0.075 0.065625
1 0.34375 0.39375 0.05 0.0421875
1 0.334375 0.35078125 0.08125 0.0609375
1 0.42734375 0.73046875 0.090625 0.06875
1 0.38671875 0.6953125 0.0890625 0.0890625
1 0.32109375 0.60078125 0.0421875 0.05
1 0.3078125 0.55078125 0.059375 0.0515625
1 0.3109375 0.47109375 0.053125 0.046875
0 0.48203125 0.7890625 0.0734375 0.0421875
0 0.48203125 0.81015625 0.08125 0.040625
0 0.484375 0.8890625 0.096875 0.0578125
0 0.49921875 0.94375 0.0765625 0.04375
0 0.49765625 0.97734375 0.0890625 0.0453125
0 0.62109375 0.9703125 0.1140625 0.059375
0 0.6125 0.984375 0.115625 0.03125
0 0.6984375 0.9921875 0.159375 0.015625
0 0.63671875 0.11875 0.090625 0.0546875
1 0.45703125 0.39140625 0.0484375 0.0390625
0 0.37109375 0.63984375 0.0578125 0.0328125