2 0.4671875 0.5140625 0.5796875 0.453125
2 0.72890625 0.42890625 0.5109375 0.4890625
2 0.82578125 0.12734375 0.2359375 0.2546875
2 0.89453125 0.36328125 0.2109375 0.3390625
2 0.43984375 0.16171875 0.4203125 0.3234375
2 0.1703125 0.25 0.340625 0.4125
2 0.8875 0.65625 0.225 0.196875
2 0.715625 0.70546875 0.3328125 0.228125
2 0.275 0.60546875 0.55 0.3796875
2 0.93125 0.78984375 0.1375 0.1546875
2 0.80625 0.821875 0.20625 0.1421875
2 0.41796875 0.76953125 0.34375 0.225
2 0.58359375 0.86875 0.2390625 0.15