2 0.5 0.4640625 0.415625 0.559375
2 0.4765625 0.73828125 0.459375 0.484375
2 0.7640625 0.93046875 0.353125 0.1390625
2 0.46875 0.9109375 0.33125 0.178125
2 0.8421875 0.584375 0.315625 0.403125
2 0.84296875 0.2453125 0.3140625 0.425
2 0.2 0.80859375 0.1796875 0.2421875
2 0.2265625 0.61796875 0.2046875 0.325
2 0.490625 0.26015625 0.340625 0.5203125
2 0.06015625 0.8171875 0.1203125 0.20625
2 0.08359375 0.65625 0.128125 0.2015625
2 0.284375 0.31953125 0.2 0.3359375
2 0.128125 0.4328125 0.1328125 0.234375