2 0.325 0.60390625 0.259375 0.1640625
2 0.1921875 0.38359375 0.125 0.1484375
2 0.4796875 0.78125 0.1046875 0.159375
2 0.4828125 0.63515625 0.0890625 0.1484375
2 0.47890625 0.47265625 0.0796875 0.1125
2 0.4859375 0.32421875 0.0984375 0.121875
2 0.48046875 0.1734375 0.1 0.140625
2 0.54765625 0.8359375 0.08125 0.1453125
2 0.53984375 0.69453125 0.090625 0.1421875
2 0.54453125 0.5671875 0.090625 0.1515625
2 0.54765625 0.3984375 0.084375 0.15
2 0.54296875 0.24296875 0.090625 0.1515625
2 0.4265625 0.40625 0.065625 0.134375
2 0.29921875 0.384375 0.071875 0.134375
2 0.3015625 0.240625 0.084375 0.1453125
2 0.4046875 0.703125 0.1 0.146875