0 0.18515625 0.53125 0.3703125 0.896875
2 0.16875 0.0765625 0.265625 0.153125
2 0.48046875 0.09609375 0.3296875 0.18125
2 0.82421875 0.1375 0.3515625 0.19375
2 0.4640625 0.253125 0.3421875 0.2046875
2 0.09296875 0.2234375 0.1484375 0.171875
2 0.821875 0.3015625 0.35625 0.1875
2 0.4296875 0.4 0.3890625 0.1859375
2 0.80703125 0.46171875 0.3859375 0.1953125
2 0.41484375 0.5453125 0.275 0.1734375
2 0.78984375 0.628125 0.4125 0.2125
2 0.77578125 0.79296875 0.40625 0.2125
2 0.42109375 0.7546875 0.315625 0.2125
2 0.3953125 0.9140625 0.334375 0.171875
2 0.75703125 0.93671875 0.4046875 0.1265625
2 0.14921875 0.88203125 0.10625 0.175