2 0.86796875 0.21953125 0.221875 0.3453125
2 0.90234375 0.53046875 0.1953125 0.2953125
2 0.91484375 0.721875 0.1703125 0.228125
2 0.8984375 0.8 0.1640625 0.2015625
2 0.88203125 0.86953125 0.14375 0.11875
2 0.75390625 0.246875 0.2390625 0.3984375
2 0.75390625 0.4703125 0.2140625 0.3046875
2 0.746875 0.609375 0.1953125 0.290625
2 0.71875 0.73515625 0.1984375 0.2375
2 0.74296875 0.87109375 0.19375 0.18125
2 0.3859375 0.459375 0.7078125 0.2875
2 0.37578125 0.5546875 0.6 0.2640625
2 0.40234375 0.6515625 0.578125 0.253125
2 0.428125 0.725 0.565625 0.26875
2 0.34296875 0.37421875 0.6859375 0.3109375