2 0.1578125 0.0375 0.24375 0.075
2 0.3953125 0.053125 0.246875 0.1046875
2 0.63984375 0.0734375 0.2515625 0.1046875
2 0.8828125 0.10078125 0.234375 0.1015625
2 0.14609375 0.125 0.228125 0.1296875
2 0.38046875 0.14921875 0.2359375 0.1140625
2 0.621875 0.17265625 0.25 0.1015625
2 0.8765625 0.1984375 0.246875 0.090625
2 0.15390625 0.23125 0.26875 0.1109375
2 0.42109375 0.26015625 0.2609375 0.125
2 0.67109375 0.28046875 0.2453125 0.1265625
2 0.89453125 0.3015625 0.2109375 0.125
2 0.140625 0.33203125 0.253125 0.1078125
2 0.40234375 0.35625 0.2453125 0.125
2 0.63203125 0.396875 0.1671875 0.128125
2 0.86171875 0.4109375 0.225 0.1328125
2 0.125 0.4390625 0.171875 0.1203125
2 0.33671875 0.46328125 0.2453125 0.1234375
2 0.5921875 0.490625 0.246875 0.1015625
2 0.85234375 0.51328125 0.246875 0.09375
2 0.1265625 0.55546875 0.240625 0.1078125
2 0.36796875 0.590625 0.2546875 0.115625
2 0.61640625 0.59609375 0.2421875 0.125
2 0.8625 0.6296875 0.246875 0.1203125
2 0.115625 0.665625 0.23125 0.084375
2 0.35703125 0.6921875 0.2546875 0.1296875
2 0.60546875 0.7078125 0.2421875 0.1265625
2 0.85 0.73984375 0.25 0.1046875
2 0.11484375 0.75546875 0.2296875 0.0890625
2 0.35703125 0.7890625 0.25 0.090625
2 0.59609375 0.80625 0.2484375 0.0796875
2 0.83359375 0.82421875 0.2453125 0.0921875
2 0.11328125 0.871875 0.2265625 0.109375
2 0.3546875 0.8890625 0.2515625 0.1109375