2 0.69375 0.43828125 0.2703125 0.184375
2 0.77421875 0.6828125 0.1359375 0.15625
2 0.5828125 0.23046875 0.1171875 0.165625
2 0.546875 0.371875 0.1015625 0.1546875
2 0.5140625 0.53125 0.0875 0.1171875
2 0.47421875 0.675 0.1078125 0.128125
2 0.44609375 0.82265625 0.1109375 0.146875
2 0.52890625 0.16171875 0.09375 0.15
2 0.5046875 0.3015625 0.1015625 0.1484375
2 0.471875 0.42421875 0.103125 0.1578125
2 0.43046875 0.58828125 0.096875 0.1546875
2 0.4 0.740625 0.103125 0.1578125
2 0.55 0.6078125 0.0765625 0.1390625
2 0.66953125 0.6578125 0.08125 0.1375
2 0.63515625 0.79765625 0.0953125 0.15
2 0.6390625 0.3234375 0.1109375 0.153125