2 0.07890625 0.10703125 0.14375 0.19921875
2 0.2234375 0.10546875 0.13828125 0.1890625
2 0.3671875 0.11328125 0.1109375 0.2
2 0.49296875 0.109375 0.115625 0.20078125
2 0.6421875 0.1140625 0.14140625 0.1515625
2 0.79765625 0.1125 0.134375 0.1984375
2 0.93828125 0.11171875 0.10703125 0.203125
2 0.0875 0.33359375 0.13515625 0.17734375
2 0.2296875 0.32890625 0.125 0.20234375
2 0.38359375 0.31640625 0.1421875 0.14375
2 0.5375 0.3171875 0.13515625 0.1328125
2 0.678125 0.3328125 0.140625 0.18828125
2 0.81953125 0.32421875 0.11953125 0.17890625
2 0.93828125 0.3359375 0.10390625 0.1953125
2 0.0828125 0.5234375 0.12890625 0.18515625
2 0.25078125 0.5140625 0.1421875 0.15
2 0.42734375 0.51796875 0.13515625 0.19140625
2 0.58828125 0.525 0.13515625 0.18828125
2 0.7765625 0.5296875 0.1390625 0.13515625
2 0.9234375 0.540625 0.11328125 0.19453125
2 0.08046875 0.7046875 0.14453125 0.13515625
2 0.24609375 0.70078125 0.140625 0.19765625
2 0.38671875 0.715625 0.11171875 0.16796875
2 0.528125 0.71953125 0.11640625 0.19296875
2 0.66796875 0.715625 0.13828125 0.134375
2 0.796875 0.72265625 0.0984375 0.15
2 0.92578125 0.73515625 0.134375 0.1375
2 0.08359375 0.8921875 0.1421875 0.2046875
2 0.23203125 0.9015625 0.121875 0.1765625
2 0.3796875 0.89375 0.1140625 0.175
2 0.5234375 0.90625 0.140625 0.12734375
2 0.640625 0.89453125 0.046875 0.17109375
2 0.7546875 0.89921875 0.125 0.1734375
2 0.90859375 0.9046875 0.13671875 0.1296875