2 0.69453125 0.184375 0.3390625 0.27890625
2 0.73671875 0.384375 0.3125 0.1671875
2 0.50703125 0.259375 0.18984375 0.1171875
2 0.1734375 0.77890625 0.1984375 0.19453125
2 0.43671875 0.840625 0.1734375 0.2859375
2 0.31796875 0.684375 0.15703125 0.184375
2 0.7109375 0.87578125 0.23671875 0.2484375
2 0.70234375 0.6921875 0.20390625 0.16640625
2 0.08671875 0.540625 0.13359375 0.12578125
2 0.13359375 0.665625 0.1765625 0.18671875
2 0.06015625 0.4484375 0.09765625 0.08359375
2 0.1734375 0.471875 0.121875 0.0953125
2 0.24765625 0.5734375 0.1265625 0.1015625
2 0.425 0.59765625 0.1625 0.1125
2 0.89609375 0.63125 0.1625 0.1796875
2 0.5265625 0.70625 0.184375 0.15859375
2 0.75625 0.54765625 0.1203125 0.14140625