2 0.81875 0.6890625 0.284375 0.34375
2 0.61953125 0.734375 0.171875 0.315625
2 0.740625 0.503125 0.1203125 0.1921875
2 0.215625 0.178125 0.196875 0.2015625
2 0.15859375 0.44296875 0.2890625 0.178125
2 0.3125 0.32109375 0.1875 0.159375
2 0.128125 0.7171875 0.253125 0.2421875
2 0.31171875 0.70546875 0.16875 0.20625
2 0.45234375 0.0875 0.1265625 0.1359375
2 0.328125 0.13671875 0.190625 0.1796875
2 0.54375 0.059375 0.0859375 0.0984375
2 0.52265625 0.17265625 0.096875 0.1234375
2 0.421875 0.24921875 0.103125 0.128125
2 0.40078125 0.4265625 0.115625 0.1640625
2 0.37578125 0.8984375 0.1828125 0.165625
2 0.29453125 0.53046875 0.1625 0.1875
2 0.45703125 0.75703125 0.1421875 0.1234375