2 0.40859375 0.31796875 0.14765625 0.25
2 0.6375 0.20078125 0.140625 0.115625
2 0.22109375 0.46015625 0.153125 0.09375
2 0.36640625 0.4734375 0.14453125 0.0796875
2 0.52890625 0.48125 0.1078125 0.07109375
2 0.6765625 0.4984375 0.11484375 0.08984375
2 0.82734375 0.503125 0.13359375 0.09140625
2 0.16171875 0.52421875 0.14140625 0.071875
2 0.303125 0.5265625 0.13828125 0.08203125
2 0.4296875 0.53984375 0.146875 0.08125
2 0.59765625 0.5546875 0.1453125 0.075
2 0.753125 0.5609375 0.14765625 0.08203125
2 0.5984375 0.43359375 0.13203125 0.05625
2 0.6296875 0.3078125 0.1296875 0.06171875
2 0.77265625 0.3203125 0.140625 0.075
2 0.30390625 0.390625 0.14140625 0.09140625