2 0.05390625 0.07890625 0.1078125 0.1390625
2 0.19921875 0.0828125 0.1203125 0.125
2 0.4 0.07421875 0.153125 0.12265625
2 0.5421875 0.08203125 0.09375 0.11875
2 0.74140625 0.06953125 0.12578125 0.12578125
2 0.9390625 0.071875 0.121875 0.125
2 0.05 0.2171875 0.1 0.11328125
2 0.37578125 0.21796875 0.11328125 0.1359375
2 0.5359375 0.21171875 0.09375 0.12109375
2 0.93046875 0.2078125 0.1234375 0.1265625
2 0.1953125 0.34140625 0.1015625 0.1046875
2 0.3765625 0.3453125 0.1203125 0.1171875
2 0.5578125 0.3453125 0.09375 0.1046875
2 0.940625 0.33828125 0.11875 0.1125
2 0.0546875 0.47109375 0.109375 0.1296875
2 0.2078125 0.478125 0.1328125 0.12109375
2 0.3765625 0.471875 0.11796875 0.11796875
2 0.559375 0.4734375 0.0921875 0.1078125
2 0.9484375 0.46875 0.103125 0.1203125
2 0.05234375 0.6 0.1046875 0.1125
2 0.2015625 0.5984375 0.0984375 0.103125
2 0.36875 0.60078125 0.11015625 0.109375
2 0.546875 0.6046875 0.09453125 0.103125
2 0.7296875 0.60234375 0.1015625 0.109375
2 0.7296875 0.72734375 0.09765625 0.1046875
2 0.5515625 0.72890625 0.0953125 0.1109375
2 0.37421875 0.73203125 0.1203125 0.13203125
2 0.1953125 0.734375 0.0953125 0.1140625
2 0.0609375 0.734375 0.121875 0.115625
2 0.05 0.85078125 0.1 0.1015625
2 0.19765625 0.85625 0.09453125 0.1109375
2 0.35625 0.86015625 0.0828125 0.0828125
2 0.53984375 0.85859375 0.0953125 0.1109375
2 0.7421875 0.85859375 0.09609375 0.10234375
2 0.9390625 0.85859375 0.121875 0.12734375
2 0.05703125 0.96328125 0.1140625 0.0734375
2 0.20234375 0.9640625 0.109375 0.07109375
2 0.3875 0.9640625 0.13828125 0.07109375
2 0.5546875 0.96171875 0.09765625 0.0765625
2 0.72578125 0.96328125 0.0953125 0.07265625
2 0.940625 0.96015625 0.11875 0.0796875