2 0.04453125 0.2203125 0.0890625 0.228125
2 0.1359375 0.184375 0.1796875 0.2171875
2 0.27734375 0.15703125 0.15625 0.2203125
2 0.3984375 0.12265625 0.1609375 0.221875
2 0.54453125 0.09140625 0.1734375 0.18125
2 0.6953125 0.08203125 0.178125 0.1640625
2 0.83046875 0.0640625 0.1515625 0.128125
2 0.07265625 0.43828125 0.1453125 0.2046875
2 0.19609375 0.39921875 0.1703125 0.2265625
2 0.34296875 0.35 0.1734375 0.1734375
2 0.4921875 0.31328125 0.1625 0.1609375
2 0.63203125 0.29453125 0.18125 0.215625
2 0.7671875 0.25234375 0.1578125 0.2015625
2 0.8859375 0.23515625 0.146875 0.2140625
2 0.10078125 0.6234375 0.16875 0.209375
2 0.26171875 0.57421875 0.175 0.1796875
2 0.43359375 0.53515625 0.1765625 0.2171875
2 0.59140625 0.503125 0.175 0.2140625
2 0.77578125 0.46171875 0.1671875 0.1640625
2 0.9203125 0.43671875 0.15625 0.215625
2 0.1421875 0.8 0.171875 0.165625
2 0.30234375 0.75625 0.184375 0.225
2 0.4421875 0.73671875 0.15 0.190625
2 0.58046875 0.70625 0.159375 0.215625
2 0.71484375 0.66875 0.165625 0.1640625
2 0.8421875 0.64453125 0.13125 0.16875
2 0.94375 0.625 0.1125 0.165625
2 0.190625 0.93203125 0.1875 0.1359375
2 0.33671875 0.9265625 0.1609375 0.146875
2 0.478125 0.90625 0.153125 0.1875
2 0.62109375 0.88828125 0.1671875 0.1578125
2 0.73203125 0.8484375 0.0875 0.178125
2 0.84375 0.82578125 0.1625 0.1984375
2 0.95625 0.79375 0.0875 0.159375