2 0.97109375 0.20078125 0.0578125 0.2484375
2 0.9453125 0.43515625 0.109375 0.2515625
2 0.91328125 0.6765625 0.125 0.25625
2 0.8625 0.8984375 0.121875 0.203125
2 0.9046875 0.18046875 0.146875 0.234375
2 0.86015625 0.4109375 0.1328125 0.240625
2 0.815625 0.65 0.121875 0.2546875
2 0.76640625 0.88828125 0.1109375 0.2234375
2 0.79765625 0.17890625 0.1328125 0.2734375
2 0.74609375 0.44296875 0.1453125 0.2671875
2 0.70390625 0.68984375 0.1453125 0.2515625
2 0.6625 0.9 0.140625 0.2
2 0.6984375 0.15625 0.128125 0.2578125
2 0.6515625 0.41484375 0.14375 0.2515625
2 0.59140625 0.640625 0.1390625 0.175
2 0.55703125 0.86796875 0.15 0.2328125
2 0.59375 0.13203125 0.1328125 0.178125
2 0.55078125 0.340625 0.1421875 0.2515625
2 0.50078125 0.59296875 0.121875 0.2515625
2 0.45546875 0.85 0.1140625 0.25
2 0.47734375 0.1234375 0.1265625 0.2453125
2 0.42109375 0.3609375 0.1359375 0.259375
2 0.39375 0.60703125 0.14375 0.2484375
2 0.3390625 0.85 0.140625 0.253125
2 0.36796875 0.11015625 0.1046875 0.2203125
2 0.32109375 0.340625 0.15 0.2609375
2 0.28359375 0.5875 0.1453125 0.25
2 0.23046875 0.82734375 0.125 0.2546875
2 0.278125 0.10546875 0.109375 0.2109375
2 0.22421875 0.33203125 0.1109375 0.253125
2 0.18671875 0.56953125 0.1015625 0.25
2 0.14765625 0.8046875 0.1125 0.25
2 0.16328125 0.09921875 0.1296875 0.1984375
2 0.125 0.32109375 0.13125 0.2578125