2 0.928125 0.33828125 0.14375 0.3234375
2 0.89375 0.65234375 0.1765625 0.2671875
2 0.83671875 0.8359375 0.1390625 0.2046875
2 0.79296875 0.903125 0.1296875 0.1796875
2 0.75625 0.95859375 0.128125 0.0828125
2 0.8171875 0.33203125 0.159375 0.378125
2 0.7515625 0.5453125 0.15625 0.28125
2 0.70390625 0.6765625 0.140625 0.2703125
2 0.640625 0.7890625 0.1578125 0.2109375
2 0.6234375 0.925 0.165625 0.15
2 0.40234375 0.428125 0.70625 0.134375
2 0.36484375 0.515625 0.59375 0.1359375
2 0.3625 0.61640625 0.571875 0.1296875
2 0.365625 0.69375 0.55625 0.1484375
2 0.38046875 0.33359375 0.6890625 0.1625