2 0.8375 0.02578125 0.15625 0.0515625
2 0.85859375 0.13125 0.14375 0.140625
2 0.9015625 0.32734375 0.146875 0.171875
2 0.91875 0.46875 0.1328125 0.1125
2 0.94609375 0.66328125 0.1078125 0.1453125
2 0.9625 0.85703125 0.075 0.1421875
2 0.7 0.03359375 0.128125 0.0671875
2 0.75625 0.32890625 0.153125 0.134375
2 0.78984375 0.48515625 0.1359375 0.1140625
2 0.8625 0.8734375 0.1453125 0.14375
2 0.603125 0.17265625 0.1203125 0.11875
2 0.63125 0.3515625 0.1359375 0.1390625
2 0.6625 0.5296875 0.11875 0.1109375
2 0.7359375 0.90546875 0.13125 0.1359375
2 0.45 0.06015625 0.146875 0.1203125
2 0.47109375 0.20859375 0.14375 0.1515625
2 0.50625 0.3734375 0.1375 0.1375
2 0.53671875 0.55390625 0.121875 0.109375
2 0.60859375 0.9359375 0.1359375 0.121875
2 0.3234375 0.0765625 0.1296875 0.121875
2 0.3515625 0.2234375 0.11875 0.115625
2 0.378125 0.38828125 0.1265625 0.1265625
2 0.4046875 0.5640625 0.1171875 0.1109375
2 0.4390625 0.74375 0.125 0.11875
2 0.315625 0.765625 0.1203125 0.1140625
2 0.28359375 0.590625 0.1265625 0.1125
2 0.25 0.41640625 0.15 0.140625
2 0.21640625 0.240625 0.128125 0.1140625
2 0.19296875 0.10859375 0.134375 0.140625
2 0.0765625 0.11796875 0.1171875 0.115625
2 0.096875 0.2640625 0.125 0.1109375
2 0.1203125 0.42109375 0.0953125 0.0953125
2 0.15390625 0.6015625 0.1265625 0.1125
2 0.1890625 0.80078125 0.11875 0.1140625
2 0.2234375 0.96171875 0.146875 0.0765625
2 0.01796875 0.28671875 0.0359375 0.1203125
2 0.03515625 0.46953125 0.0703125 0.1484375
2 0.0546875 0.634375 0.0921875 0.109375
2 0.0828125 0.803125 0.0875 0.10625
2 0.12265625 0.97421875 0.0984375 0.0515625