2 0.11875 0.05546875 0.2375 0.08203125
2 0.35703125 0.0640625 0.240625 0.08359375
2 0.60234375 0.0625 0.2453125 0.084375
2 0.8578125 0.06796875 0.24921875 0.0796875
2 0.11484375 0.15703125 0.21796875 0.1109375
2 0.35 0.1609375 0.22890625 0.0953125
2 0.59296875 0.16328125 0.24375 0.08125
2 0.8515625 0.1671875 0.2453125 0.06796875
2 0.13203125 0.2625 0.26328125 0.0890625
2 0.40078125 0.26796875 0.253125 0.103125
2 0.6515625 0.26640625 0.23671875 0.10625
2 0.8796875 0.26796875 0.2109375 0.10703125
2 0.12734375 0.3640625 0.24609375 0.0859375
2 0.38984375 0.365625 0.23828125 0.1046875
2 0.62265625 0.3859375 0.1578125 0.1140625
2 0.85234375 0.3796875 0.21640625 0.1140625
2 0.12109375 0.471875 0.1625 0.10703125
2 0.334375 0.47734375 0.2375 0.10234375
2 0.59140625 0.4828125 0.240625 0.08203125
2 0.85234375 0.4828125 0.23984375 0.0734375
2 0.1328125 0.5875 0.23515625 0.08828125
2 0.3765625 0.6015625 0.24609375 0.09453125
2 0.62421875 0.5859375 0.23515625 0.1046875
2 0.87265625 0.59765625 0.2390625 0.1
2 0.12734375 0.69921875 0.2359375 0.0640625
2 0.37421875 0.70390625 0.2453125 0.10859375
2 0.6234375 0.69765625 0.234375 0.10546875
2 0.86953125 0.70859375 0.24375 0.08515625
2 0.13046875 0.78984375 0.2421875 0.06875
2 0.3828125 0.80078125 0.2453125 0.06796875
2 0.62265625 0.796875 0.24375 0.06015625
2 0.8609375 0.79375 0.240625 0.07265625
2 0.13671875 0.90625 0.2421875 0.0890625
2 0.3890625 0.9 0.2453125 0.09140625