2 0.12890625 0.0828125 0.1671875 0.165625
2 0.2734375 0.08828125 0.159375 0.1765625
2 0.415625 0.103125 0.134375 0.20625
2 0.540625 0.11171875 0.1390625 0.2125
2 0.68828125 0.134375 0.1578125 0.1671875
2 0.84296875 0.1515625 0.1578125 0.2140625
2 0.95859375 0.16796875 0.0828125 0.2140625
2 0.1109375 0.284375 0.1546875 0.19375
2 0.25234375 0.296875 0.1484375 0.2171875
2 0.40703125 0.30390625 0.159375 0.159375
2 0.559375 0.3234375 0.15 0.1484375
2 0.696875 0.35546875 0.1625 0.203125
2 0.83828125 0.36484375 0.1390625 0.190625
2 0.9453125 0.390625 0.109375 0.20625
2 0.0828125 0.47265625 0.15 0.1984375
2 0.25078125 0.48359375 0.159375 0.165625
2 0.42578125 0.50859375 0.15625 0.20625
2 0.584375 0.5359375 0.15625 0.203125
2 0.77109375 0.56328125 0.1546875 0.15
2 0.915625 0.5921875 0.1359375 0.20625
2 0.06875 0.65234375 0.1375 0.1515625
2 0.2234375 0.66796875 0.1640625 0.2125
2 0.3609375 0.7 0.1328125 0.18125
2 0.50078125 0.72109375 0.1390625 0.20625
2 0.640625 0.734375 0.153125 0.15
2 0.7671875 0.75703125 0.115625 0.1609375
2 0.89375 0.78515625 0.15 0.153125
2 0.0609375 0.83828125 0.121875 0.2203125
2 0.18515625 0.865625 0.1421875 0.190625
2 0.3328125 0.87578125 0.134375 0.1875
2 0.4734375 0.90625 0.1546875 0.14375
2 0.59140625 0.90859375 0.0671875 0.1765625
2 0.70390625 0.91640625 0.1453125 0.1671875
2 0.85546875 0.9390625 0.1515625 0.121875