2 0.32421875 0.071875 0.31953125 0.14296875
2 0.63828125 0.1015625 0.2609375 0.1671875
2 0.82421875 0.1515625 0.20078125 0.1328125
2 0.89296875 0.19296875 0.17421875 0.1234375
2 0.95546875 0.2265625 0.0890625 0.125
2 0.32109375 0.1890625 0.3734375 0.14765625
2 0.53671875 0.246875 0.2765625 0.14765625
2 0.66953125 0.28984375 0.265625 0.13203125
2 0.78359375 0.34921875 0.20546875 0.14921875
2 0.92109375 0.3609375 0.1453125 0.1609375
2 0.43125 0.6 0.109375 0.70234375
2 0.5203125 0.634375 0.115625 0.590625
2 0.62109375 0.63359375 0.10859375 0.56796875
2 0.6984375 0.62734375 0.1296875 0.5515625
2 0.3375 0.625 0.1390625 0.684375