2 0.0515625 0.89140625 0.103125 0.1234375
2 0.059375 0.746875 0.11875 0.134375
2 0.0671875 0.54765625 0.134375 0.1671875
2 0.090625 0.40703125 0.1296875 0.1078125
2 0.10234375 0.2078125 0.1390625 0.1390625
2 0.12890625 0.03984375 0.1390625 0.0796875
2 0.16484375 0.9125 0.1234375 0.1125
2 0.2046875 0.5890625 0.1484375 0.128125
2 0.21796875 0.42890625 0.1328125 0.1078125
2 0.2625 0.053125 0.140625 0.10625
2 0.30546875 0.7828125 0.115625 0.1140625
2 0.33125 0.60390625 0.13125 0.134375
2 0.353125 0.4234375 0.115625 0.10625
2 0.39296875 0.05390625 0.1265625 0.1078125
2 0.41640625 0.9375 0.1421875 0.125
2 0.44296875 0.7875 0.1375 0.146875
2 0.45703125 0.61875 0.1328125 0.1328125
2 0.48125 0.4375 0.11875 0.1046875
2 0.5234375 0.0546875 0.13125 0.109375
2 0.54375 0.9484375 0.125 0.103125
2 0.56171875 0.80859375 0.1140625 0.1109375
2 0.584375 0.6421875 0.121875 0.121875
2 0.609375 0.46640625 0.1140625 0.10625
2 0.6296875 0.284375 0.1203125 0.1140625
2 0.75390625 0.3 0.115625 0.109375
2 0.73359375 0.4765625 0.121875 0.1078125
2 0.71484375 0.653125 0.1453125 0.1359375
2 0.6953125 0.83125 0.125 0.1078125
2 0.67890625 0.9484375 0.1296875 0.103125
2 0.7921875 0.96640625 0.1125 0.0671875
2 0.81640625 0.84375 0.121875 0.1078125
2 0.83984375 0.68671875 0.0921875 0.0921875
2 0.8609375 0.50390625 0.121875 0.1078125
2 0.88515625 0.303125 0.1140625 0.109375
2 0.909375 0.1078125 0.1421875 0.1359375
2 0.9046875 0.9671875 0.0875 0.065625
2 0.92421875 0.85234375 0.084375 0.1171875
2 0.946875 0.66796875 0.0875 0.1453125
2 0.96015625 0.5015625 0.0796875 0.10625
2 0.97265625 0.33125 0.0546875 0.103125
2 0.98125 0.11875 0.0375 0.128125