0 0.17890625 0.56484375 0.3046875 0.8703125
2 0.125 0.0984375 0.25 0.1578125
2 0.43828125 0.1 0.31484375 0.1484375
2 0.8078125 0.10390625 0.38359375 0.1546875
2 0.43828125 0.25859375 0.3265625 0.171875
2 0.06640625 0.2671875 0.1328125 0.15859375
2 0.8140625 0.26796875 0.371875 0.15078125
2 0.41953125 0.4078125 0.375 0.14609375
2 0.8078125 0.4296875 0.384375 0.15703125
2 0.4203125 0.55390625 0.2609375 0.14765625
2 0.8015625 0.596875 0.396875 0.171875
2 0.8046875 0.7625 0.390625 0.17265625
2 0.4484375 0.76171875 0.2984375 0.1828125
2 0.43984375 0.9265625 0.3203125 0.146875
2 0.80390625 0.93203125 0.3921875 0.1359375
2 0.19140625 0.91640625 0.0890625 0.1671875