0 0.53125 0.8140625 0.896875 0.371875
2 0.0765625 0.83125 0.153125 0.265625
2 0.09609375 0.51953125 0.18125 0.3296875
2 0.1375 0.17578125 0.19375 0.3515625
2 0.253125 0.5359375 0.2046875 0.3421875
2 0.2234375 0.90703125 0.171875 0.1484375
2 0.3015625 0.178125 0.1875 0.35625
2 0.4 0.5703125 0.1859375 0.3890625
2 0.46171875 0.19296875 0.1953125 0.3859375
2 0.5453125 0.58515625 0.1734375 0.275
2 0.628125 0.21015625 0.2125 0.4125
2 0.79296875 0.22421875 0.2125 0.40625
2 0.7546875 0.57890625 0.2125 0.315625
2 0.9140625 0.6046875 0.171875 0.334375
2 0.93671875 0.24296875 0.1265625 0.4046875
2 0.88203125 0.85078125 0.175 0.10625