2 0.49453125 0.46484375 0.3390625 0.51328125
2 0.5140625 0.7390625 0.39765625 0.428125
2 0.834375 0.91953125 0.33125 0.1609375
2 0.53515625 0.92265625 0.3109375 0.1546875
2 0.86015625 0.52890625 0.2796875 0.3640625
2 0.834375 0.1890625 0.33125 0.37734375
2 0.2515625 0.8515625 0.146875 0.22265625
2 0.2484375 0.659375 0.16015625 0.303125
2 0.4515625 0.25390625 0.2640625 0.5078125
2 0.10546875 0.884375 0.11328125 0.18984375
2 0.11328125 0.71953125 0.1 0.1875
2 0.25859375 0.35546875 0.153125 0.315625
2 0.121875 0.4921875 0.10078125 0.22265625