2 0.78515625 0.6125 0.3703125 0.240625
2 0.78828125 0.3765625 0.3265625 0.2265625
2 0.6921875 0.240625 0.2765625 0.3375
2 0.56640625 0.16171875 0.1765625 0.25
2 0.39140625 0.18125 0.228125 0.2734375
2 0.26015625 0.2609375 0.2578125 0.2515625
2 0.178125 0.3828125 0.259375 0.184375
2 0.16328125 0.5625 0.259375 0.1890625
2 0.18828125 0.68203125 0.2078125 0.2296875
2 0.2640625 0.79765625 0.165625 0.26875
2 0.4109375 0.86015625 0.171875 0.225
2 0.5703125 0.83671875 0.24375 0.2640625
2 0.68671875 0.7640625 0.2875 0.2078125