2 0.35390625 0.76953125 0.28125 0.39375
2 0.5875 0.80078125 0.2625 0.3484375
2 0.73359375 0.721875 0.365625 0.3140625
2 0.828125 0.60703125 0.2671875 0.2046875
2 0.8296875 0.43125 0.296875 0.2578125
2 0.76640625 0.29140625 0.2796875 0.284375
2 0.65625 0.19453125 0.2125 0.278125
2 0.47890625 0.1578125 0.2171875 0.278125
2 0.35703125 0.16796875 0.2515625 0.2328125
2 0.23359375 0.22890625 0.2859375 0.1953125
2 0.153125 0.3671875 0.2421875 0.196875
2 0.15703125 0.52890625 0.2890625 0.271875
2 0.215625 0.653125 0.240625 0.309375