2 0.39765625 0.7890625 0.228125 0.36328125
2 0.63359375 0.78359375 0.215625 0.31796875
2 0.765625 0.6828125 0.32734375 0.26484375
2 0.840625 0.5546875 0.24296875 0.16953125
2 0.81484375 0.38046875 0.265625 0.21796875
2 0.73046875 0.25234375 0.24453125 0.25078125
2 0.60625 0.17421875 0.175 0.25390625
2 0.42578125 0.165625 0.1796875 0.25234375
2 0.30703125 0.19453125 0.2234375 0.19921875
2 0.19453125 0.27421875 0.2640625 0.15546875
2 0.13671875 0.4234375 0.21796875 0.1640625
2 0.165625 0.58203125 0.25625 0.23359375
2 0.24296875 0.69609375 0.1984375 0.28203125