0 0.50390625 0.06953125 0.5265625 0.1390625
0 0.4875 0.146875 0.5453125 0.2328125
0 0.125 0.14921875 0.2 0.1203125
0 0.11640625 0.25390625 0.2296875 0.115625
0 0.1046875 0.390625 0.1578125 0.0921875
0 0.15859375 0.4375 0.1625 0.090625
0 0.18984375 0.29765625 0.1296875 0.0875
0 0.4171875 0.29609375 0.5640625 0.259375
0 0.38671875 0.46171875 0.528125 0.240625
0 0.35390625 0.57265625 0.3171875 0.1578125
0 0.31640625 0.671875 0.203125 0.1203125
0 0.3703125 0.93671875 0.29375 0.1265625
2 0.86953125 0.76875 0.0734375 0.0796875
2 0.8421875 0.6859375 0.0609375 0.06875
2 0.715625 0.6265625 0.0578125 0.0640625
2 0.80078125 0.684375 0.0546875 0.0640625
2 0.77421875 0.59765625 0.0640625 0.071875
2 0.74453125 0.5375 0.059375 0.065625
2 0.690625 0.6796875 0.0578125 0.0625
2 0.71953125 0.765625 0.05 0.059375
2 0.7015625 0.86171875 0.05625 0.059375
2 0.67578125 0.77734375 0.053125 0.0578125
2 0.84921875 0.5421875 0.0703125 0.0796875
2 0.66328125 0.55390625 0.05 0.0546875
2 0.62265625 0.51875 0.090625 0.075
2 0.62265625 0.6640625 0.0484375 0.05625
2 0.67109375 0.87578125 0.0453125 0.05
2 0.790625 0.4828125 0.059375 0.0703125
2 0.82578125 0.45390625 0.065625 0.06875
2 0.8 0.36484375 0.0640625 0.075
2 0.771875 0.2796875 0.053125 0.0609375
2 0.72421875 0.3578125 0.0671875 0.071875
2 0.7484375 0.4265625 0.059375 0.0578125
2 0.72109375 0.4625 0.05625 0.0609375
2 0.6671875 0.45234375 0.065625 0.065625