0 0.2859375 0.896875 0.525 0.20625
0 0.35078125 0.82109375 0.5453125 0.2578125
0 0.675 0.959375 0.203125 0.08125
0 0.73046875 0.89296875 0.2296875 0.128125
0 0.80234375 0.7765625 0.159375 0.0984375
0 0.77578125 0.7109375 0.1625 0.096875
0 0.684375 0.82109375 0.13125 0.0921875
0 0.48203125 0.71953125 0.565625 0.2859375
0 0.58359375 0.5859375 0.5296875 0.265625
0 0.66328125 0.5015625 0.3171875 0.171875
0 0.7421875 0.43046875 0.20625 0.1296875
0 0.828125 0.14140625 0.296875 0.203125
2 0.29296875 0.09296875 0.0765625 0.0828125
2 0.2796875 0.17890625 0.0640625 0.0703125
2 0.365625 0.2890625 0.059375 0.0671875
2 0.31640625 0.19921875 0.05625 0.065625
2 0.3 0.2890625 0.065625 0.0734375
2 0.29921875 0.35546875 0.0609375 0.0671875
2 0.41171875 0.253125 0.059375 0.065625
2 0.425 0.1640625 0.0515625 0.0609375
2 0.48515625 0.0859375 0.0578125 0.0609375
2 0.46953125 0.1734375 0.0546875 0.059375
2 0.2078125 0.30390625 0.0734375 0.08125
2 0.37890625 0.378125 0.0515625 0.05625
2 0.39921875 0.42734375 0.0921875 0.078125
2 0.46484375 0.2984375 0.05 0.0578125
2 0.51796875 0.0875 0.046875 0.0515625
2 0.23359375 0.38359375 0.0609375 0.071875
2 0.1890625 0.39296875 0.06875 0.071875
2 0.171875 0.484375 0.0671875 0.0765625
2 0.1578125 0.57265625 0.05625 0.0625
2 0.2359375 0.525 0.0703125 0.0734375
2 0.2453125 0.45234375 0.0609375 0.059375
2 0.2859375 0.4328125 0.059375 0.0640625
2 0.3296875 0.46640625 0.0671875 0.06875