2 0.03515625 0.14609375 0.05703125 0.17578125
2 0.12734375 0.14296875 0.10859375 0.159375
2 0.26640625 0.10859375 0.1 0.21171875
2 0.27109375 0.32578125 0.13828125 0.16796875
2 0.11796875 0.5421875 0.096875 0.159375
2 0.2359375 0.5484375 0.10859375 0.1515625
2 0.02890625 0.5265625 0.0578125 0.140625
2 0.13203125 0.73046875 0.1 0.1625
2 0.26796875 0.75078125 0.1 0.1703125
2 0.03515625 0.7015625 0.06328125 0.1484375
2 0.1015625 0.86796875 0.09296875 0.140625
2 0.22578125 0.91015625 0.08828125 0.12109375
2 0.6140625 0.78203125 0.5546875 0.4359375
2 0.66953125 0.31796875 0.575 0.49765625