2 0.56484375 0.66796875 0.36875 0.203125
2 0.77265625 0.87109375 0.2078125 0.13125
2 0.8578125 0.790625 0.2796875 0.1109375
2 0.88125 0.6859375 0.2375 0.159375
2 0.57890625 0.5671875 0.190625 0.1109375
2 0.70625 0.46484375 0.4234375 0.259375
2 0.715625 0.26328125 0.5671875 0.396875
2 0.3984375 0.5078125 0.084375 0.1515625
2 0.2890625 0.3078125 0.2015625 0.1046875
2 0.33828125 0.2171875 0.1875 0.128125
2 0.60546875 0.35390625 0.1765625 0.13125
2 0.365625 0.08828125 0.2046875 0.115625
2 0.23046875 0.3859375 0.1578125 0.103125
2 0.42890625 0.43125 0.153125 0.1140625
2 0.46328125 0.265625 0.15625 0.140625