2 0.33203125 0.56484375 0.203125 0.36875
2 0.12890625 0.77265625 0.13125 0.2078125
2 0.209375 0.8578125 0.1109375 0.2796875
2 0.3140625 0.88125 0.159375 0.2375
2 0.4328125 0.57890625 0.1109375 0.190625
2 0.53515625 0.70625 0.259375 0.4234375
2 0.73671875 0.715625 0.396875 0.5671875
2 0.4921875 0.3984375 0.1515625 0.084375
2 0.6921875 0.2890625 0.1046875 0.2015625
2 0.7828125 0.33828125 0.128125 0.1875
2 0.64609375 0.60546875 0.13125 0.1765625
2 0.91171875 0.365625 0.115625 0.2046875
2 0.6140625 0.23046875 0.103125 0.1578125
2 0.56875 0.42890625 0.1140625 0.153125
2 0.734375 0.46328125 0.140625 0.15625