2 0.81015625 0.12734375 0.2515625 0.2546875
2 0.87109375 0.3515625 0.2328125 0.18125
2 0.87109375 0.57265625 0.2375 0.240625
2 0.9328125 0.84296875 0.134375 0.2078125
2 0.62734375 0.140625 0.2734375 0.28125
2 0.64453125 0.36484375 0.246875 0.2109375
2 0.69375 0.56015625 0.228125 0.1875
2 0.7640625 0.8609375 0.265625 0.2328125
2 0.37578125 0.16875 0.246875 0.309375
2 0.42421875 0.415625 0.225 0.1796875
2 0.4390625 0.58515625 0.225 0.1796875
2 0.51796875 0.8296875 0.2234375 0.2734375
2 0.33359375 0.8484375 0.221875 0.2390625
2 0.15703125 0.171875 0.265625 0.2984375
2 0.21328125 0.434375 0.234375 0.1875
2 0.2265625 0.61796875 0.23125 0.18125
2 0.1984375 0.8859375 0.228125 0.228125
2 0.05390625 0.44765625 0.1078125 0.1484375
2 0.09609375 0.90078125 0.1328125 0.1984375
2 0.06484375 0.6421875 0.121875 0.178125