2 0.10703125 0.93203125 0.1796875 0.0734375
2 0.11171875 0.83984375 0.16875 0.1234375
2 0.1 0.6984375 0.2 0.11875
2 0.30625 0.7125 0.1796875 0.1515625
2 0.50859375 0.884375 0.1671875 0.1109375
2 0.525 0.7671875 0.1609375 0.121875
2 0.48515625 0.96796875 0.1453125 0.0640625
2 0.69765625 0.88671875 0.1703125 0.1140625
2 0.7296875 0.753125 0.178125 0.1140625
2 0.659375 0.97109375 0.153125 0.0578125
2 0.83203125 0.92890625 0.1484375 0.10625
2 0.884375 0.80859375 0.1296875 0.1
2 0.77421875 0.4109375 0.4515625 0.590625
2 0.33359375 0.315625 0.5453125 0.615625