2 0.1390625 0.14921875 0.278125 0.2234375
2 0.39140625 0.115625 0.159375 0.2171875
2 0.6109375 0.13828125 0.21796875 0.21640625
2 0.88984375 0.08203125 0.19140625 0.16328125
2 0.1515625 0.33515625 0.2671875 0.246875
2 0.38046875 0.3421875 0.18828125 0.22890625
2 0.58046875 0.31328125 0.16484375 0.21328125
2 0.88671875 0.275 0.2078125 0.2453125
2 0.1578125 0.5890625 0.28671875 0.21796875
2 0.4078125 0.56640625 0.15859375 0.21015625
2 0.578125 0.56953125 0.16015625 0.209375
2 0.8296875 0.51640625 0.2546875 0.1984375
2 0.82890625 0.7015625 0.21796875 0.19921875
2 0.1375 0.80703125 0.275 0.23828125
2 0.4046875 0.778125 0.16484375 0.21875
2 0.5890625 0.784375 0.16015625 0.215625
2 0.85625 0.83984375 0.2140625 0.20546875
2 0.40078125 0.9453125 0.13671875 0.10859375
2 0.875 0.9453125 0.22421875 0.10859375
2 0.59609375 0.94765625 0.16875 0.1046875