0 0.3171875 0.7921875 0.634375 0.31875
0 0.5484375 0.6140625 0.471875 0.2375
0 0.45390625 0.5015625 0.6125 0.30625
0 0.4875 0.2640625 0.45 0.23125
0 0.628125 0.7421875 0.3140625 0.1203125
2 0.37734375 0.63828125 0.271875 0.4203125
2 0.509375 0.31484375 0.1796875 0.29375
2 0.3921875 0.12109375 0.271875 0.2421875
2 0.803125 0.95546875 0.0953125 0.078125
2 0.77734375 0.82109375 0.0875 0.0625
2 0.65234375 0.9359375 0.0890625 0.0609375
2 0.5109375 0.92890625 0.0875 0.065625
2 0.640625 0.80625 0.0796875 0.0546875
2 0.75390625 0.7015625 0.0796875 0.046875