2 0.15859375 0.06875 0.15390625 0.0859375
2 0.35234375 0.0953125 0.171875 0.0640625
2 0.7359375 0.14453125 0.18984375 0.04140625
2 0.15234375 0.56171875 0.27421875 0.0671875
2 0.278125 0.71328125 0.20234375 0.05078125
2 0.5703125 0.4390625 0.05859375 0.05078125
2 0.8234375 0.6859375 0.1796875 0.06015625
0 0.13203125 0.1765625 0.11015625 0.321875
0 0.31171875 0.22109375 0.11015625 0.31484375
0 0.6578125 0.2578125 0.14609375 0.34375
0 0.08203125 0.6890625 0.13828125 0.36640625
0 0.23984375 0.7734375 0.1515625 0.2671875
0 0.49453125 0.56640625 0.13828125 0.36328125
0 0.8859375 0.80234375 0.16640625 0.38828125