2 0.3734375 0.82734375 0.2328125 0.1453125
0 0.43046875 0.87578125 0.6375 0.246875
2 0.4890625 0.7015625 0.2546875 0.1171875
2 0.49375 0.62578125 0.1828125 0.0765625
2 0.33046875 0.4671875 0.05625 0.0390625
2 0.53828125 0.38671875 0.303125 0.1625
2 0.6171875 0.3078125 0.371875 0.1421875
2 0.640625 0.20625 0.278125 0.125
0 0.4328125 0.77578125 0.5578125 0.196875
0 0.45 0.70390625 0.6265625 0.2390625
0 0.51875 0.60859375 0.553125 0.2265625
0 0.5 0.4984375 0.5875 0.2359375
0 0.55703125 0.4 0.6171875 0.265625
0 0.62109375 0.28203125 0.640625 0.24375
0 0.665625 0.1828125 0.66875 0.271875