2 0.9125 0.13671875 0.09375 0.1578125
2 0.89609375 0.33125 0.0734375 0.175
2 0.8671875 0.7171875 0.05 0.1921875
2 0.4203125 0.15625 0.08125 0.278125
2 0.27578125 0.28984375 0.0609375 0.2046875
2 0.56484375 0.5671875 0.053125 0.0625
2 0.33125 0.8328125 0.06875 0.1828125
0 0.80390625 0.115625 0.3265625 0.1265625
0 0.76875 0.29765625 0.3203125 0.125
0 0.75 0.64453125 0.3515625 0.1640625
0 0.2890625 0.0921875 0.371875 0.15625
0 0.21328125 0.2546875 0.275 0.165625
0 0.43359375 0.49765625 0.36875 0.15625
0 0.21796875 0.9015625 0.3953125 0.1875