2 0.590625 0.72265625 0.33359375 0.5546875
2 0.3640625 0.746875 0.228125 0.4859375
2 0.2 0.75390625 0.171875 0.42265625
2 0.18828125 0.41796875 0.3359375 0.125
2 0.22890625 0.27578125 0.32109375 0.16015625
2 0.23984375 0.10859375 0.34140625 0.11015625
2 0.6078125 0.09765625 0.3875 0.14609375
2 0.5828125 0.26875 0.31796875 0.14453125
2 0.56640625 0.40546875 0.2515625 0.11796875
2 0.87890625 0.43671875 0.2421875 0.1453125
2 0.88515625 0.6734375 0.2296875 0.15078125
2 0.86796875 0.83359375 0.2640625 0.15390625
2 0.8734375 0.26875 0.25234375 0.109375
2 0.0734375 0.77890625 0.146875 0.2953125