2 0.2046875 0.9828125 0.18125 0.034375
2 0.19140625 0.91328125 0.171875 0.128125
2 0.13984375 0.7796875 0.2234375 0.125
2 0.3546875 0.7484375 0.184375 0.1578125
2 0.58828125 0.87421875 0.1703125 0.115625
2 0.58046875 0.75625 0.1640625 0.1265625
2 0.5828125 0.96328125 0.146875 0.0734375
2 0.7734375 0.8375 0.1734375 0.11875
2 0.77734375 0.7 0.18125 0.1203125
2 0.75703125 0.93671875 0.1546875 0.08125
2 0.9140625 0.85078125 0.1515625 0.1109375
2 0.9375 0.721875 0.125 0.103125
2 0.7578125 0.3515625 0.484375 0.603125
2 0.2984375 0.35390625 0.5625 0.63125