0 0.6734375 0.18984375 0.653125 0.2640625
0 0.4421875 0.390625 0.459375 0.2
0 0.5453125 0.49453125 0.5953125 0.25625
0 0.53359375 0.734375 0.4375 0.1953125
0 0.35078125 0.26953125 0.309375 0.0953125
2 0.61015625 0.3515625 0.2390625 0.403125
2 0.50703125 0.68515625 0.15625 0.2828125
2 0.64140625 0.878125 0.2515625 0.24375
2 0.15859375 0.07265625 0.090625 0.071875
2 0.19609375 0.20390625 0.0828125 0.05625
2 0.31015625 0.07890625 0.084375 0.0546875
2 0.4515625 0.07421875 0.0828125 0.059375
2 0.33359375 0.20703125 0.0765625 0.046875
2 0.2296875 0.321875 0.0765625 0.040625