2 0.2640625 0.03125 0.16875 0.0625
2 0.446875 0.07265625 0.18125 0.1015625
2 0.81015625 0.20703125 0.1953125 0.0828125
2 0.14765625 0.48203125 0.2828125 0.1265625
2 0.2359375 0.6578125 0.209375 0.09375
2 0.58203125 0.45625 0.06875 0.0625
2 0.7734375 0.75390625 0.1890625 0.0984375
0 0.21328125 0.13515625 0.1796875 0.2703125
0 0.37890625 0.1859375 0.178125 0.3328125
0 0.70859375 0.29921875 0.2203125 0.36875
0 0.07890625 0.5890625 0.1578125 0.3875
0 0.18515625 0.7078125 0.2078125 0.29375
0 0.4796875 0.56328125 0.215625 0.384375
0 0.80703125 0.83671875 0.2484375 0.3265625