0 0.815625 0.6703125 0.23984375 0.65859375
0 0.60703125 0.43828125 0.18515625 0.45234375
0 0.50703125 0.5453125 0.2359375 0.5875
0 0.2671875 0.54140625 0.1796875 0.43203125
0 0.725 0.34296875 0.08515625 0.30703125
2 0.65234375 0.6046875 0.3953125 0.225
2 0.31484375 0.51328125 0.27734375 0.14765625
2 0.12265625 0.6546875 0.2453125 0.24296875
2 0.91484375 0.14375 0.06796875 0.08671875
2 0.78515625 0.1859375 0.053125 0.08203125
2 0.9140625 0.2953125 0.0515625 0.0828125
2 0.92421875 0.43671875 0.05625 0.08046875
2 0.78671875 0.3234375 0.04453125 0.07421875
2 0.66875 0.2234375 0.0375 0.07578125