2 0.15234375 0.45 0.09921875 0.21640625
0 0.11796875 0.5171875 0.10703125 0.6296875
2 0.30078125 0.534375 0.0625 0.24765625
2 0.37578125 0.52265625 0.03671875 0.1796875
2 0.49375 0.32734375 0.02890625 0.0515625
2 0.61875 0.51171875 0.09921875 0.2875
2 0.71328125 0.57109375 0.0609375 0.3671875
2 0.81796875 0.57109375 0.065625 0.2703125
0 0.21640625 0.496875 0.0734375 0.55546875
0 0.28984375 0.496875 0.10234375 0.61796875
0 0.3984375 0.54296875 0.10703125 0.54453125
0 0.5015625 0.5 0.10859375 0.578125
0 0.61015625 0.5328125 0.1328125 0.60390625
0 0.73984375 0.56875 0.10390625 0.63515625
0 0.85 0.609375 0.1171875 0.70078125