2 0.21875 0.11015625 0.31875 0.2203125
2 0.47265625 0.11171875 0.2015625 0.2234375
2 0.68359375 0.16953125 0.259375 0.25625
2 0.92890625 0.17109375 0.1421875 0.1984375
2 0.19375 0.26640625 0.3125 0.296875
2 0.415625 0.32109375 0.23125 0.2625
2 0.6171875 0.334375 0.20625 0.2421875
2 0.8984375 0.36015625 0.203125 0.2828125
2 0.1546875 0.51484375 0.309375 0.2734375
2 0.39609375 0.54609375 0.2 0.2375
2 0.56171875 0.584375 0.2 0.2375
2 0.81875 0.584375 0.290625 0.246875
2 0.7796875 0.765625 0.25625 0.240625
2 0.1203125 0.72421875 0.240625 0.2890625
2 0.34921875 0.75234375 0.2078125 0.2484375
2 0.528125 0.796875 0.2 0.24375
2 0.77734375 0.89140625 0.2515625 0.2171875
2 0.31015625 0.91484375 0.1578125 0.1359375
2 0.77421875 0.96796875 0.2421875 0.0640625
2 0.5 0.94453125 0.1875 0.1109375