2 0.33125 0.56171875 0.19765625 0.36640625
2 0.12421875 0.76640625 0.12734375 0.20625
2 0.203125 0.85234375 0.10625 0.27890625
2 0.30703125 0.88046875 0.1546875 0.2390625
2 0.43125 0.57734375 0.1078125 0.1890625
2 0.53125 0.70703125 0.2515625 0.41875
2 0.7328125 0.71953125 0.3875 0.5609375
2 0.49375 0.3984375 0.15 0.08125
2 0.69609375 0.2921875 0.1015625 0.20078125
2 0.7859375 0.34296875 0.12421875 0.1859375
2 0.64453125 0.6078125 0.12890625 0.17421875
2 0.9140625 0.37265625 0.1125 0.20390625
2 0.61875 0.2328125 0.1 0.15703125
2 0.5703125 0.43046875 0.1109375 0.1515625
2 0.73515625 0.4671875 0.1375 0.15390625