0 0.95078125 0.6 0.09765625 0.5171875
0 0.8484375 0.5609375 0.125 0.53203125
0 0.92109375 0.20625 0.0828125 0.18828125
0 0.8203125 0.17578125 0.07265625 0.21875
0 0.6890625 0.1359375 0.06171875 0.1484375
0 0.63203125 0.17890625 0.059375 0.15234375
0 0.7625 0.2390625 0.0640625 0.11875
0 0.71640625 0.4609375 0.15 0.5453125
0 0.5609375 0.396875 0.1375 0.5109375
0 0.459375 0.3421875 0.09765625 0.30390625
0 0.3703125 0.284375 0.0828125 0.19140625
0 0.06875 0.27578125 0.1375 0.2703125
2 0.16015625 0.80546875 0.06875 0.0609375
2 0.246875 0.79609375 0.06015625 0.05078125
2 0.33125 0.684375 0.05703125 0.04765625
2 0.25703125 0.75546875 0.05703125 0.04375
2 0.34765625 0.74765625 0.06171875 0.0515625
2 0.4125 0.73125 0.05703125 0.0484375
2 0.284375 0.64921875 0.0546875 0.04609375
2 0.19453125 0.659375 0.053125 0.0390625
2 0.10390625 0.621875 0.05078125 0.04765625
2 0.1921875 0.6140625 0.05078125 0.04296875
2 0.3859375 0.8328125 0.06953125 0.0578125
2 0.41328125 0.6484375 0.04765625 0.040625
2 0.45625 0.61640625 0.06015625 0.0796875
2 0.3140625 0.5859375 0.05 0.0390625
2 0.096875 0.5890625 0.04296875 0.0375
2 0.45625 0.7875 0.0625 0.046875
2 0.47734375 0.828125 0.06015625 0.0546875
2 0.56953125 0.82109375 0.06640625 0.0515625
2 0.65859375 0.81171875 0.05234375 0.04375
2 0.5921875 0.7484375 0.0609375 0.05546875
2 0.5203125 0.75859375 0.0484375 0.05
2 0.490625 0.72421875 0.05234375 0.04609375
2 0.51171875 0.6734375 0.05703125 0.0546875