2 0.5984375 0.71796875 0.353125 0.5640625
2 0.37265625 0.7515625 0.2453125 0.49375
2 0.209375 0.7640625 0.1859375 0.428125
2 0.1859375 0.42890625 0.340625 0.1359375
2 0.22109375 0.28515625 0.3265625 0.1703125
2 0.2265625 0.11796875 0.34375 0.121875
2 0.59375 0.09375 0.3921875 0.1609375
2 0.575 0.265625 0.3234375 0.1546875
2 0.56328125 0.403125 0.25625 0.128125
2 0.8765625 0.4234375 0.246875 0.153125
2 0.88671875 0.66015625 0.2265625 0.1578125
2 0.87265625 0.8203125 0.2546875 0.1625
2 0.86484375 0.25546875 0.25625 0.11875
2 0.08359375 0.79375 0.1578125 0.3