2 0.63125 0.6984375 0.434375 0.603125
2 0.41328125 0.75390625 0.3171875 0.4921875
2 0.25390625 0.79140625 0.2484375 0.4171875
2 0.178125 0.47890625 0.353125 0.1875
2 0.19140625 0.33125 0.346875 0.2171875
2 0.1734375 0.165625 0.346875 0.171875
2 0.52890625 0.096875 0.4078125 0.19375
2 0.5375 0.25703125 0.340625 0.2015625
2 0.546875 0.39453125 0.2703125 0.1640625
2 0.86015625 0.365625 0.265625 0.1890625
2 0.89140625 0.596875 0.2171875 0.190625
2 0.88984375 0.75625 0.2203125 0.2
2 0.82265625 0.2015625 0.26875 0.15625
2 0.134375 0.8484375 0.2 0.303125