2 0.4765625 0.14921875 0.23125 0.1421875
0 0.40390625 0.1296875 0.6375 0.234375
2 0.425 0.3125 0.2546875 0.1125
2 0.45234375 0.38359375 0.1828125 0.0734375
2 0.66796875 0.4578125 0.05625 0.0375
2 0.51328125 0.61875 0.3015625 0.1578125
2 0.475 0.7234375 0.371875 0.1359375
2 0.496875 0.82578125 0.278125 0.1203125
0 0.44375 0.221875 0.559375 0.1875
0 0.459375 0.29375 0.6265625 0.2296875
0 0.43671875 0.409375 0.5546875 0.2171875
0 0.5 0.5015625 0.5875 0.2265625
0 0.490625 0.61484375 0.6171875 0.2546875
0 0.4828125 0.74921875 0.6421875 0.234375
0 0.465625 0.86484375 0.709375 0.2609375