1 0.5484375 0.6390625 0.2859375 0.15234375
1 0.90625 0.5109375 0.1875 0.1328125
1 0.31953125 0.5921875 0.14140625 0.09296875
0 0.38203125 0.76640625 0.06015625 0.153125
0 0.51171875 0.721875 0.04453125 0.14296875
0 0.76328125 0.68046875 0.053125 0.14375
0 0.33515625 0.5375 0.040625 0.07734375
0 0.39765625 0.4234375 0.053125 0.146875
0 0.45703125 0.4171875 0.046875 0.1421875
0 0.52421875 0.4203125 0.03515625 0.140625
0 0.58828125 0.41171875 0.04375 0.1390625
0 0.72265625 0.39453125 0.034375 0.1453125
0 0.74765625 0.38671875 0.03046875 0.134375
0 0.49296875 0.38671875 0.03671875 0.140625