0 0.4859375 0.6609375 0.3015625 0.67578125
1 0.83203125 0.94609375 0.0875 0.05078125
1 0.9234375 0.8703125 0.0421875 0.05546875
1 0.9640625 0.87421875 0.0453125 0.04765625
1 0.2109375 0.95234375 0.0671875 0.06015625
1 0.27109375 0.96171875 0.065625 0.05625
1 0.3234375 0.9703125 0.05546875 0.05234375
1 0.6328125 0.81171875 0.0390625 0.04453125
1 0.6546875 0.775 0.0390625 0.0578125
1 0.69765625 0.7953125 0.03125 0.0359375
1 0.68515625 0.7359375 0.04453125 0.06484375
1 0.1609375 0.93984375 0.0890625 0.0875