1 0.6296875 0.43046875 0.1953125 0.30625
1 0.44609375 0.1 0.1609375 0.2
1 0.61953125 0.6640625 0.1140625 0.153125
0 0.78125 0.575 0.1609375 0.0828125
0 0.7171875 0.45390625 0.1484375 0.065625
0 0.63671875 0.21171875 0.15 0.075
0 0.5625 0.65703125 0.0828125 0.053125
0 0.440625 0.61328125 0.153125 0.075
0 0.425 0.55546875 0.1484375 0.06875
0 0.4171875 0.48828125 0.14375 0.05625
0 0.39921875 0.4265625 0.14375 0.065625
0 0.3609375 0.296875 0.1484375 0.05625
0 0.34921875 0.2734375 0.1375 0.0515625
0 0.3890625 0.525 0.1453125 0.059375