1 0.36875 0.5671875 0.1921875 0.3046875
1 0.54609375 0.90078125 0.1578125 0.1984375
1 0.38359375 0.334375 0.1125 0.1515625
0 0.21953125 0.4203125 0.159375 0.0796875
0 0.28203125 0.5421875 0.1484375 0.0640625
0 0.3578125 0.7859375 0.15 0.071875
0 0.43984375 0.3421875 0.0828125 0.0515625
0 0.56171875 0.38828125 0.153125 0.0734375
0 0.57578125 0.44609375 0.146875 0.065625
0 0.58203125 0.51328125 0.14375 0.053125
0 0.6 0.575 0.14375 0.0625
0 0.63515625 0.70546875 0.1484375 0.0546875
0 0.646875 0.7296875 0.1375 0.05
0 0.6109375 0.47734375 0.14375 0.05625