0 0.21171875 0.49140625 0.203125 0.1015625
0 0.315625 0.40703125 0.1375 0.0671875
0 0.30625 0.340625 0.1265625 0.0703125
0 0.58984375 0.3578125 0.1953125 0.0765625
0 0.2578125 0.25859375 0.25 0.1
0 0.6015625 0.7015625 0.0984375 0.05625
0 0.63125 0.62265625 0.0859375 0.059375
0 0.78359375 0.54921875 0.1515625 0.0625
0 0.48125 0.23359375 0.11875 0.078125
0 0.33984375 0.20625 0.225 0.075
0 0.7390625 0.8265625 0.0921875 0.0453125
0 0.72421875 0.72578125 0.128125 0.0546875
1 0.6265625 0.0796875 0.203125 0.1578125
1 0.68984375 0.14296875 0.2109375 0.178125
1 0.74609375 0.2234375 0.1734375 0.1765625
1 0.7953125 0.2984375 0.153125 0.16875
1 0.896875 0.11796875 0.146875 0.1296875
1 0.86796875 0.40546875 0.14375 0.15
1 0.8234375 0.36484375 0.121875 0.1171875
1 0.94140625 0.15 0.1171875 0.146875
0 0.7984375 0.67109375 0.1296875 0.059375