0 0.21171875 0.49609375 0.2015625 0.0984375
0 0.3140625 0.41015625 0.1375 0.065625
0 0.303125 0.34375 0.1265625 0.06875
0 0.5875 0.35625 0.1953125 0.0734375
0 0.25390625 0.26328125 0.25 0.0953125
0 0.60546875 0.69921875 0.096875 0.0546875
0 0.63359375 0.6203125 0.0859375 0.059375
0 0.784375 0.54453125 0.1515625 0.059375
0 0.4765625 0.23359375 0.1171875 0.075
0 0.33515625 0.20859375 0.225 0.071875
0 0.74453125 0.82265625 0.090625 0.0453125
0 0.728125 0.721875 0.1265625 0.053125
1 0.61875 0.07734375 0.2015625 0.1546875
1 0.68359375 0.13984375 0.2078125 0.1765625
1 0.74140625 0.21953125 0.1703125 0.175
1 0.79140625 0.29296875 0.1515625 0.1671875
1 0.88984375 0.1109375 0.1453125 0.128125
1 0.86640625 0.39921875 0.1421875 0.1484375
1 0.82109375 0.359375 0.1203125 0.115625
1 0.9390625 0.14296875 0.121875 0.1453125
0 0.8015625 0.665625 0.1296875 0.05625