0 0.54140625 0.78515625 0.06953125 0.19453125
0 0.440625 0.69765625 0.0453125 0.13203125
0 0.3765625 0.71875 0.04921875 0.1203125
0 0.34453125 0.4359375 0.04375 0.18984375
0 0.3046875 0.78046875 0.0578125 0.24375
0 0.68046875 0.36484375 0.040625 0.0921875
0 0.59765625 0.34921875 0.046875 0.0796875
0 0.49921875 0.2125 0.0375 0.146875
0 0.240625 0.56484375 0.05859375 0.109375
0 0.23828125 0.70859375 0.03828125 0.221875
0 0.78046875 0.2078125 0.03203125 0.08671875
0 0.68359375 0.23984375 0.03515625 0.1234375
1 0.0640625 0.4484375 0.128125 0.184375
1 0.115625 0.375 0.1484375 0.1875
1 0.18515625 0.30546875 0.153125 0.1484375
1 0.25 0.24453125 0.1484375 0.1296875
1 0.0546875 0.17578125 0.109375 0.1296875
1 0.34296875 0.15390625 0.13125 0.1234375
1 0.3109375 0.2046875 0.09921875 0.10625
1 0.07890625 0.12109375 0.13125 0.10234375
0 0.61640625 0.1765625 0.0375 0.125