1 0.965625 0.07421875 0.06875 0.14296875
1 0.28359375 0.06640625 0.10625 0.10078125
1 0.865625 0.37578125 0.0796875 0.22109375
1 0.78515625 0.3234375 0.12734375 0.2
1 0.75390625 0.26328125 0.1015625 0.13828125
1 0.54765625 0.11796875 0.084375 0.13125
0 0.6484375 0.2203125 0.08046875 0.25
0 0.146875 0.82890625 0.121875 0.3421875
0 0.21015625 0.4890625 0.09375 0.16953125
2 0.23203125 0.525 0.02890625 0.040625
0 0.765625 0.54921875 0.084375 0.3375
0 0.5 0.29921875 0.06875 0.240625
0 0.27890625 0.1625 0.0234375 0.0578125