0 0.146875 0.23984375 0.228125 0.09375
0 0.146875 0.63671875 0.175 0.0796875
0 0.19453125 0.74140625 0.290625 0.1296875
0 0.5203125 0.91640625 0.45 0.1671875
0 0.19765625 0.921875 0.09375 0.0625
0 0.1984375 0.859375 0.0875 0.05625
0 0.32890625 0.59375 0.184375 0.0859375
0 0.284375 0.5109375 0.175 0.103125
0 0.3625 0.42265625 0.16875 0.1
0 0.396875 0.53046875 0.146875 0.0953125
1 0.096875 0.86875 0.103125 0.0890625
1 0.04921875 0.8640625 0.0984375 0.15
1 0.62265625 0.1078125 0.3640625 0.215625
1 0.51484375 0.13046875 0.246875 0.2015625
1 0.42890625 0.25 0.2453125 0.2078125
1 0.15625 0.48515625 0.1984375 0.1671875
0 0.859375 0.1765625 0.28125 0.225