1 0.9609375 0.06953125 0.078125 0.1390625
1 0.86484375 0.3703125 0.0765625 0.1859375
1 0.7890625 0.325 0.11640625 0.18828125
1 0.75078125 0.2734375 0.1078125 0.1453125
1 0.6828125 0.22734375 0.0984375 0.1484375
1 0.2828125 0.06171875 0.0953125 0.10703125
0 0.77265625 0.55390625 0.103125 0.3171875
0 0.6890625 0.27265625 0.06640625 0.1359375
0 0.5171875 0.3671875 0.05390625 0.15390625
0 0.4203125 0.03046875 0.03203125 0.05625
0 0.27421875 0.1484375 0.02578125 0.0578125
1 0.4234375 0.0765625 0.03359375 0.053125
1 0.5453125 0.11875 0.084375 0.11015625
0 0.1453125 0.44609375 0.0359375 0.14140625
0 0.21015625 0.49453125 0.0890625 0.17734375
2 0.2109375 0.371875 0.015625 0.03359375
0 0.47578125 0.04296875 0.0265625 0.0859375