1 0.859375 0.03203125 0.10625 0.0640625
1 0.828125 0.30234375 0.1234375 0.2296875
1 0.74296875 0.26640625 0.1625 0.21875
1 0.6984375 0.21953125 0.140625 0.16875
1 0.46640625 0.11796875 0.10625 0.1453125
1 0.1984375 0.11953125 0.121875 0.125
2 0.24375 0.5796875 0.0296875 0.03125
0 0.21484375 0.54921875 0.11875 0.1765625
0 0.12578125 0.47109375 0.06875 0.1375
0 0.47109375 0.3078125 0.121875 0.2765625
0 0.6125 0.22890625 0.0796875 0.1546875
0 0.209375 0.2125 0.03125 0.0515625
0 0.7828125 0.50234375 0.171875 0.33125