1 0.8703125 0.1203125 0.07890625 0.12421875
1 0.8625 0.37734375 0.08515625 0.21875
1 0.7875 0.328125 0.1171875 0.19453125
1 0.75859375 0.2734375 0.10546875 0.15703125
1 0.6828125 0.22734375 0.1109375 0.13203125
0 0.878125 0.06015625 0.03515625 0.1078125
0 0.775 0.55390625 0.10390625 0.3234375
0 0.67265625 0.26484375 0.0453125 0.15546875
0 0.12109375 0.40859375 0.03984375 0.18515625
0 0.203125 0.49609375 0.0984375 0.134375
0 0.51015625 0.3625 0.053125 0.16015625
0 0.27265625 0.14765625 0.02734375 0.04453125
2 0.19453125 0.3859375 0.01875 0.04453125
1 0.9609375 0.0703125 0.078125 0.1375
1 0.284375 0.05859375 0.0984375 0.1
1 0.3546875 0.05234375 0.01953125 0.0484375
0 0.42421875 0.03515625 0.03359375 0.0703125