0 0.04609375 0.5234375 0.0921875 0.05
0 0.04453125 0.465625 0.0890625 0.05
0 0.5203125 0.2375 0.334375 0.1328125
0 0.90625 0.7125 0.1875 0.14375
0 0.92109375 0.5859375 0.1578125 0.128125
0 0.75234375 0.4796875 0.45625 0.1734375
0 0.21015625 0.55546875 0.1171875 0.0546875
0 0.234375 0.51015625 0.1 0.05625
0 0.19765625 0.45546875 0.1015625 0.0578125
0 0.15703125 0.51796875 0.078125 0.0484375
0 0.5171875 0.78984375 0.1625 0.084375
0 0.2015625 0.79609375 0.159375 0.053125
0 0.1703125 0.753125 0.046875 0.03125
0 0.16875 0.72109375 0.05 0.034375
0 0.08671875 0.6796875 0.0546875 0.028125
1 0.08125 0.76015625 0.1046875 0.10625
1 0.0484375 0.08515625 0.096875 0.0890625
1 0.3453125 0.153125 0.2296875 0.10625
1 0.2984375 0.23203125 0.2078125 0.1421875
1 0.246875 0.26953125 0.159375 0.115625
1 0.21015625 0.34921875 0.1515625 0.1171875