0 0.8234375 0.784375 0.14296875 0.43046875
0 0.27109375 0.72578125 0.1375 0.503125
0 0.48125 0.053125 0.046875 0.10546875
0 0.534375 0.0578125 0.0328125 0.115625
0 0.56484375 0.06484375 0.02890625 0.1296875
0 0.24453125 0.10390625 0.040625 0.071875
0 0.4078125 0.3015625 0.0546875 0.16875
0 0.4734375 0.34453125 0.0703125 0.140625
0 0.55390625 0.30390625 0.0703125 0.14140625
0 0.475 0.2265625 0.06015625 0.1140625
0 0.059375 0.2578125 0.0546875 0.22578125
0 0.12109375 0.21484375 0.040625 0.07578125
0 0.16953125 0.2109375 0.04296875 0.071875
0 0.03046875 0.69921875 0.06015625 0.19765625
1 0.14140625 0.13828125 0.08046875 0.08828125
1 0.134375 0.06953125 0.134375 0.1
1 0.96015625 0.559375 0.0796875 0.290625
1 0.8671875 0.4703125 0.16796875 0.27421875
1 0.81484375 0.38984375 0.1484375 0.20078125
1 0.709375 0.32578125 0.1484375 0.18359375
1 0.4421875 0.134375 0.0578125 0.14453125
1 0.578125 0.19765625 0.11484375 0.121875