0 0.1921875 0.88125 0.3375 0.184375
0 0.653125 0.53359375 0.16875 0.09375
0 0.7296875 0.43125 0.134375 0.08125
0 0.646875 0.36171875 0.1796875 0.078125
0 0.58828125 0.440625 0.1640625 0.0859375
0 0.8609375 0.15390625 0.090625 0.0484375
0 0.7078125 0.02421875 0.084375 0.0484375
0 0.7078125 0.07109375 0.090625 0.05625
1 0.88203125 0.05078125 0.1359375 0.1015625
1 0.471875 0.90078125 0.353125 0.1984375
1 0.58359375 0.85234375 0.2703125 0.1828125
1 0.6328125 0.71796875 0.240625 0.1875
1 0.8265625 0.42265625 0.153125 0.15
2 0.871875 0.64375 0.0484375 0.0203125
0 0.8859375 0.63203125 0.228125 0.0734375
2 0.90625 0.50625 0.0375 0.015625
0 0.91875 0.415625 0.1203125 0.0671875
0 0.93359375 0.4953125 0.1328125 0.0625
2 0.81796875 0.046875 0.0890625 0.0796875