1 0.9875 0.14765625 0.025 0.1515625
1 0.35546875 0.0375 0.1140625 0.075
1 0.88046875 0.43046875 0.1125 0.2234375
1 0.81171875 0.36875 0.1546875 0.2171875
1 0.78515625 0.31171875 0.1328125 0.1703125
1 0.721875 0.2546875 0.13125 0.1484375
1 0.584375 0.10703125 0.10625 0.10625
0 0.6171875 0.85078125 0.225 0.2984375
0 0.30625 0.8890625 0.1375 0.1859375
0 0.1859375 0.8515625 0.159375 0.225
0 0.75 0.58828125 0.1515625 0.3484375
0 0.221875 0.43828125 0.103125 0.171875
0 0.52109375 0.2 0.0578125 0.10625
0 0.56796875 0.16953125 0.0578125 0.103125
0 0.5578125 0.24609375 0.065625 0.109375
0 0.621875 0.225 0.0640625 0.1109375
2 0.696875 0.084375 0.0125 0.0234375
0 0.6890625 0.08671875 0.0546875 0.1296875
0 0.59375 0.04296875 0.0484375 0.0703125
0 0.65 0.06171875 0.0421875 0.090625
0 0.4328125 0.0578125 0.0390625 0.0578125
0 0.33984375 0.1171875 0.0328125 0.059375
0 0.36953125 0.125 0.040625 0.0625