1 0.95859375 0.88984375 0.0828125 0.0921875
1 0.8984375 0.21953125 0.1109375 0.1140625
1 0.6765625 0.8421875 0.225 0.109375
1 0.7171875 0.7546875 0.2234375 0.1609375
1 0.7765625 0.7171875 0.159375 0.128125
1 0.79296875 0.6359375 0.14375 0.125
1 0.8984375 0.44140625 0.1 0.103125
2 0.975 0.440625 0.0171875 0.0109375
0 0.9625 0.4546875 0.0734375 0.03125
0 0.95703125 0.42890625 0.078125 0.053125
0 0.78671875 0.19296875 0.1546875 0.0609375
0 0.5046875 0.1390625 0.11875 0.05
0 0.465625 0.20859375 0.16875 0.1109375
0 0.65234375 0.4796875 0.09375 0.065625
0 0.4859375 0.78828125 0.3171875 0.1578125
0 0.73671875 0.62109375 0.1640625 0.0828125
0 0.81015625 0.22421875 0.053125 0.0359375
2 0.57734375 0.20625 0.0359375 0.021875