0 0.20390625 0.490625 0.10390625 0.16328125
2 0.228125 0.37265625 0.025 0.03515625
0 0.19921875 0.859375 0.1328125 0.28125
0 0.46796875 0.26015625 0.046875 0.1109375
0 0.515625 0.25625 0.0453125 0.11484375
0 0.76484375 0.5546875 0.11171875 0.325
0 0.578125 0.20703125 0.06875 0.08359375
0 0.3671875 0.07265625 0.03515625 0.0765625
1 0.28203125 0.0609375 0.090625 0.10390625
0 0.64609375 0.06640625 0.040625 0.1328125
2 0.621875 0.0265625 0.01484375 0.03203125
0 0.51484375 0.05546875 0.03359375 0.0984375
1 0.871875 0.3640625 0.08203125 0.2078125
1 0.79375 0.31640625 0.10546875 0.19453125
1 0.75703125 0.26875 0.1 0.15078125
1 0.684375 0.21953125 0.103125 0.14765625
1 0.73125 0.14609375 0.0015625 0.003125
1 0.96328125 0.06796875 0.0734375 0.1359375
1 0.5234375 0.1 0.08515625 0.08515625
0 0.128125 0.4875 0.0453125 0.1