0 0.4625 0.759375 0.3359375 0.1171875
0 0.7953125 0.4578125 0.1171875 0.05
0 0.76484375 0.50703125 0.103125 0.0546875
0 0.7953125 0.559375 0.103125 0.0546875
0 0.8484375 0.5015625 0.0796875 0.0484375
0 0.9234375 0.33984375 0.05 0.034375
0 0.69765625 0.2796875 0.23125 0.071875
0 0.0796875 0.38828125 0.159375 0.1203125
0 0.0984375 0.26875 0.196875 0.128125
0 0.503125 0.20390625 0.15 0.0671875
0 0.81640625 0.215625 0.1453125 0.0390625
0 0.8390625 0.2609375 0.0453125 0.0328125
0 0.84375 0.29453125 0.05 0.03125
0 0.96484375 0.546875 0.0703125 0.03125
0 0.9640625 0.515625 0.071875 0.034375
0 0.96484375 0.48828125 0.0703125 0.0296875
1 0.903125 0.4765625 0.0890625 0.0453125
1 0.6453125 0.85625 0.20625 0.0890625
1 0.93984375 0.9390625 0.1203125 0.08125
1 0.690625 0.7765625 0.2015625 0.1265625
1 0.746875 0.73984375 0.1484375 0.1109375
1 0.78046875 0.66640625 0.1421875 0.1109375
1 0.82265625 0.621875 0.1234375 0.1
1 0.928125 0.26015625 0.1046875 0.103125