1 0.90234375 0.21796875 0.1203125 0.1125
1 0.96171875 0.890625 0.0765625 0.09375
1 0.6796875 0.8390625 0.21875 0.109375
1 0.71484375 0.7578125 0.228125 0.1515625
1 0.775 0.71484375 0.1640625 0.11875
1 0.7984375 0.6359375 0.153125 0.1234375
0 0.08359375 0.43359375 0.1671875 0.1390625
0 0.09140625 0.2984375 0.1828125 0.175
0 0.4671875 0.21015625 0.1640625 0.090625
0 0.9015625 0.296875 0.0625 0.034375
0 0.8125 0.225 0.05 0.034375
0 0.8171875 0.26015625 0.0625 0.0359375
0 0.790625 0.42734375 0.109375 0.05625
0 0.75546875 0.47890625 0.121875 0.0671875
0 0.80078125 0.52890625 0.125 0.0625
0 0.83828125 0.4671875 0.096875 0.0578125
0 0.4890625 0.7640625 0.3421875 0.15
2 0.9390625 0.58203125 0.0234375 0.0140625
0 0.9453125 0.58125 0.109375 0.05625
0 0.90703125 0.4296875 0.165625 0.05625
1 0.89453125 0.43984375 0.0234375 0.0125
0 0.95546875 0.4453125 0.0796875 0.0390625