2 0.59296875 0.53359375 0.0765625 0.059375
0 0.4265625 0.67890625 0.375 0.171875
0 0.86875 0.31640625 0.1671875 0.0703125
0 0.93984375 0.4140625 0.1203125 0.065625
0 0.95390625 0.46875 0.0921875 0.046875
0 0.94765625 0.51328125 0.1046875 0.0421875
0 0.75546875 0.82421875 0.128125 0.084375
0 0.80703125 0.80625 0.0953125 0.053125
0 0.71328125 0.62265625 0.25625 0.121875
0 0.8390625 0.69453125 0.23125 0.08125
1 0.7328125 0.05234375 0.1875 0.0953125
1 0.81875 0.128125 0.175 0.15
1 0.90625 0.259375 0.1046875 0.065625