2 0.23984375 0.47734375 0.025 0.0328125
0 0.21328125 0.45 0.1203125 0.1765625
0 0.1640625 0.34609375 0.075 0.16875
0 0.75625 0.60078125 0.1546875 0.3375
0 0.70390625 0.309375 0.08125 0.1875
0 0.55859375 0.309375 0.0953125 0.2703125
0 0.33828125 0.12109375 0.034375 0.0484375
0 0.3796875 0.11875 0.0328125 0.053125
0 0.62421875 0.2578125 0.05 0.08125
1 0.36484375 0.04453125 0.1140625 0.0890625
1 0.88125 0.43828125 0.1125 0.215625
1 0.8125 0.3765625 0.15 0.2078125
1 0.79375 0.3140625 0.128125 0.1515625
1 0.7234375 0.26015625 0.121875 0.153125
1 0.61171875 0.134375 0.1015625 0.1375