0 0.20390625 0.43125 0.0828125 0.3359375
0 0.80546875 0.725 0.13125 0.39140625
0 0.06484375 0.63984375 0.078125 0.19375
0 0.11171875 0.23203125 0.0546875 0.2046875
0 0.27890625 0.1 0.03359375 0.08125
0 0.165625 0.2015625 0.03046875 0.06796875
0 0.21015625 0.19609375 0.0359375 0.06328125
0 0.42734375 0.2765625 0.053125 0.15
0 0.4859375 0.3171875 0.0640625 0.134375
0 0.5578125 0.27265625 0.06640625 0.13046875
0 0.4890625 0.20390625 0.0515625 0.1
0 0.48984375 0.04375 0.0390625 0.0875
0 0.52734375 0.0515625 0.0296875 0.103125
0 0.5578125 0.053125 0.03125 0.10546875
1 0.9453125 0.50078125 0.10390625 0.28046875
1 0.8421875 0.43203125 0.15234375 0.25859375
1 0.8 0.3546875 0.1296875 0.1859375
1 0.7015625 0.29375 0.13515625 0.17109375
1 0.45625 0.125 0.0515625 0.12734375
1 0.17890625 0.06875 0.11953125 0.0984375