0 0.8421875 0.81875 0.13828125 0.36171875
0 0.54609375 0.340625 0.08046875 0.165625
0 0.45390625 0.2578125 0.07109375 0.1359375
0 0.3796875 0.33359375 0.0671875 0.1703125
0 0.4515625 0.39609375 0.0734375 0.16796875
0 0.46484375 0.05546875 0.04921875 0.109375
0 0.565625 0.08046875 0.04921875 0.1609375
2 0.64609375 0.1046875 0.01640625 0.03828125
0 0.64375 0.1046875 0.053125 0.209375
0 0.196875 0.1109375 0.04140625 0.075
1 0.075 0.08515625 0.13828125 0.13203125
1 0.0859375 0.14921875 0.06875 0.08515625
1 0.8984375 0.54140625 0.18984375 0.296875
1 0.846875 0.43125 0.15859375 0.21484375
1 0.72109375 0.36953125 0.16640625 0.2109375
1 0.45625 0.16015625 0.14296875 0.15
0 0.06015625 0.24296875 0.040625 0.0765625
0 0.1078125 0.25234375 0.040625 0.071875