1 0.1046875 0.02421875 0.146875 0.0484375
1 0.40078125 0.12734375 0.221875 0.096875
1 0.34375 0.2 0.1984375 0.1328125
1 0.28359375 0.22890625 0.153125 0.1078125
1 0.24140625 0.303125 0.1390625 0.121875
1 0.096875 0.44921875 0.115625 0.0953125
1 0.05 0.68125 0.1 0.109375
0 0.57109375 0.24453125 0.3390625 0.11875
0 0.40078125 0.64765625 0.2984375 0.0953125
0 0.80703125 0.71953125 0.365625 0.1640625
0 0.875 0.7859375 0.221875 0.15
0 0.1953125 0.50390625 0.096875 0.05
0 0.16484375 0.46328125 0.084375 0.0484375
0 0.23046875 0.46171875 0.08125 0.0578125
0 0.2125 0.40390625 0.1015625 0.05
0 0.1734375 0.5828125 0.1875 0.0640625
0 0.153125 0.7390625 0.1609375 0.0484375
0 0.05703125 0.60625 0.0578125 0.03125
0 0.09765625 0.27734375 0.1484375 0.0484375
2 0.45390625 0.76640625 0.034375 0.0265625
0 0.47265625 0.79140625 0.15 0.1015625
0 0.1234375 0.6328125 0.15 0.053125