0 0.34140625 0.1703125 0.06015625 0.1984375
0 0.146875 0.55234375 0.07109375 0.1625
0 0.109375 0.503125 0.02890625 0.09609375
0 0.45234375 0.2296875 0.040625 0.11953125
0 0.56875 0.23828125 0.05078125 0.1171875
0 0.50703125 0.1828125 0.04609375 0.09296875
0 0.50859375 0.2671875 0.0484375 0.10703125
0 0.7796875 0.60703125 0.09921875 0.32265625
0 0.23046875 0.171875 0.03046875 0.046875
0 0.27265625 0.165625 0.03515625 0.05390625
0 0.18046875 0.18828125 0.0375 0.16171875
1 0.24296875 0.0515625 0.09921875 0.08046875
1 0.98515625 0.06484375 0.02890625 0.12578125
1 0.89921875 0.42265625 0.08671875 0.228125
1 0.8125 0.36640625 0.1296875 0.215625
1 0.7734375 0.29453125 0.10859375 0.14296875
1 0.68984375 0.2515625 0.11484375 0.1453125
1 0.47890625 0.10859375 0.0484375 0.10078125
0 0.54609375 0.046875 0.0296875 0.09375
0 0.51796875 0.046875 0.03125 0.09375
0 0.48984375 0.0375 0.0234375 0.075
0 0.1859375 0.9515625 0.103125 0.096875