0 0.30625 0.51171875 0.11953125 0.68046875
0 0.625 0.821875 0.196875 0.35546875
0 0.69140625 0.196875 0.08203125 0.3078125
0 0.809375 0.2515625 0.08984375 0.15703125
0 0.78671875 0.18046875 0.0515625 0.1140625
0 0.65078125 0.5734375 0.14609375 0.41015625
0 0.30390625 0.14453125 0.0765625 0.1703125
0 0.4 0.06015625 0.0609375 0.11953125
0 0.45078125 0.04921875 0.0421875 0.09765625
0 0.4953125 0.05546875 0.040625 0.1109375
1 0.04375 0.26953125 0.0875 0.221875
1 0.11796875 0.20078125 0.13984375 0.18125
1 0.24375 0.10703125 0.059375 0.0984375