0 0.528125 0.23828125 0.31875 0.090625
0 0.671875 0.70546875 0.375 0.103125
0 0.48046875 0.79453125 0.171875 0.0796875
0 0.384375 0.79375 0.2171875 0.0515625
0 0.2515625 0.54140625 0.1875 0.0625
0 0.19921875 0.3703125 0.2390625 0.08125
0 0.30390625 0.49296875 0.16875 0.0546875
0 0.22265625 0.41640625 0.115625 0.040625
0 0.15390625 0.68125 0.08125 0.0328125
0 0.15390625 0.71953125 0.065625 0.0296875
1 0.06953125 0.03984375 0.1390625 0.0703125
1 0.36328125 0.13125 0.2125 0.0671875
1 0.11015625 0.453125 0.11875 0.084375
1 0.33046875 0.21015625 0.184375 0.11875
1 0.25546875 0.24609375 0.1390625 0.096875
2 0.50390625 0.765625 0.046875 0.0375
1 0.0453125 0.71328125 0.075 0.0875