1 0.853125 0.98828125 0.146875 0.0234375
1 0.5703125 0.87734375 0.2078125 0.109375
1 0.63046875 0.81015625 0.20625 0.14375
1 0.6890625 0.78671875 0.1609375 0.1203125
1 0.7390625 0.72109375 0.1515625 0.1171875
1 0.95546875 0.35703125 0.0890625 0.1109375
0 0.56484375 0.21484375 0.140625 0.0921875
0 0.146875 0.18828125 0.2203125 0.14375
0 0.10546875 0.303125 0.175 0.1328125
0 0.41171875 0.74765625 0.3421875 0.1484375
0 0.87265625 0.465625 0.1921875 0.06875
0 0.9421875 0.43125 0.0640625 0.040625
0 0.88203125 0.3375 0.0515625 0.0375
0 0.871875 0.29296875 0.1375 0.0515625
0 0.8765625 0.3734375 0.0578125 0.0375
0 0.803125 0.51953125 0.0953125 0.0546875
0 0.8359375 0.5734375 0.0890625 0.053125
0 0.76171875 0.56484375 0.09375 0.0546875
0 0.7828125 0.6203125 0.1125 0.0640625
0 0.946875 0.62421875 0.08125 0.0375
0 0.95234375 0.6015625 0.078125 0.0328125
0 0.9578125 0.58046875 0.0734375 0.0359375
1 0.8953125 0.5625 0.1 0.0578125