0 0.8859375 0.71640625 0.228125 0.4375
0 0.42890625 0.86015625 0.2421875 0.2796875
1 0.39765625 0.1640625 0.1546875 0.15625
1 0.95625 0.48671875 0.0875 0.2796875
1 0.86796875 0.4171875 0.234375 0.3234375
1 0.7984375 0.3375 0.19375 0.2359375
1 0.678125 0.303125 0.1890625 0.2265625
0 0.0390625 0.36796875 0.078125 0.2453125
0 0.153125 0.1703125 0.0546875 0.08125
0 0.35859375 0.32890625 0.0875 0.153125
0 0.41640625 0.25625 0.0859375 0.1296875
0 0.51328125 0.30703125 0.0984375 0.1515625
0 0.4390625 0.36875 0.0953125 0.1453125
0 0.05390625 0.3125 0.0578125 0.0875
0 0.10234375 0.30859375 0.05625 0.0796875
0 0.38515625 0.0671875 0.06875 0.1125
0 0.45 0.0578125 0.065625 0.115625