0 0.4578125 0.31015625 0.6921875 0.2234375
0 0.2015625 0.6734375 0.3828125 0.25
0 0.8296875 0.64140625 0.3171875 0.1296875
0 0.79375 0.76640625 0.16875 0.1140625
0 0.86015625 0.7328125 0.1203125 0.06875
0 0.45078125 0.66015625 0.4265625 0.209375
0 0.8203125 0.25078125 0.1796875 0.1015625
0 0.91875 0.3328125 0.1265625 0.078125
0 0.9375 0.38125 0.1015625 0.05625
0 0.93828125 0.42578125 0.115625 0.0578125
1 0.65546875 0.03671875 0.2328125 0.0734375
1 0.73515625 0.0796875 0.2015625 0.159375
1 0.84765625 0.18515625 0.10625 0.0734375