2 0.53046875 0.40625 0.05703125 0.07578125
0 0.68125 0.5671875 0.16015625 0.3703125
0 0.30390625 0.1375 0.0640625 0.165625
0 0.39921875 0.0609375 0.0609375 0.121875
0 0.45390625 0.04609375 0.04453125 0.0921875
0 0.49765625 0.0515625 0.0390625 0.103125
0 0.81484375 0.23359375 0.07890625 0.12578125
0 0.7953125 0.1828125 0.05 0.09296875
0 0.61484375 0.2828125 0.1125 0.253125
0 0.6828125 0.1546875 0.07265625 0.22890625
1 0.04453125 0.2828125 0.0890625 0.18515625
1 0.1171875 0.19453125 0.14453125 0.1703125
1 0.2453125 0.10234375 0.06171875 0.10234375