0 0.57421875 0.3515625 0.65625 0.2125
0 0.178125 0.56015625 0.35625 0.2546875
0 0.70390625 0.846875 0.165625 0.115625
0 0.790625 0.73671875 0.3578125 0.125
0 0.76640625 0.834375 0.1390625 0.075
0 0.8921875 0.35625 0.1703125 0.0828125
0 0.94140625 0.4640625 0.1171875 0.075
0 0.946875 0.521875 0.10625 0.059375
0 0.93359375 0.5671875 0.128125 0.0703125
0 0.43125 0.65234375 0.3984375 0.2171875
2 0.39140625 0.57265625 0.0609375 0.0609375
1 0.78359375 0.0859375 0.20625 0.1234375
1 0.86875 0.16953125 0.1796875 0.165625
1 0.9265625 0.309375 0.1078125 0.075