0 0.75703125 0.5546875 0.09765625 0.32421875
2 0.66484375 0.08046875 0.0109375 0.02734375
0 0.66484375 0.06640625 0.0359375 0.13046875
0 0.27890625 0.86640625 0.1359375 0.26640625
0 0.21328125 0.890625 0.0953125 0.21796875
2 0.225 0.4859375 0.0234375 0.02421875
0 0.32421875 0.396875 0.07734375 0.2796875
0 0.2078125 0.4890625 0.08359375 0.1484375
0 0.3703125 0.15 0.0390625 0.1375
0 0.4734375 0.20234375 0.03984375 0.10390625
0 0.5171875 0.15703125 0.0421875 0.08125
0 0.52109375 0.234375 0.0421875 0.0953125
0 0.57578125 0.203125 0.046875 0.0984375
0 0.3625 0.06328125 0.028125 0.04140625
0 0.23359375 0.16953125 0.0421875 0.140625
1 0.28515625 0.06171875 0.09921875 0.10078125
1 0.9640625 0.06953125 0.071875 0.1390625
1 0.86328125 0.37734375 0.078125 0.215625
1 0.78828125 0.32421875 0.11875 0.196875
1 0.75390625 0.2671875 0.0984375 0.14375
1 0.678125 0.2328125 0.10859375 0.15234375
1 0.5234375 0.09296875 0.08671875 0.10390625