1 0.9625 0.06875 0.075 0.1375
1 0.86171875 0.371875 0.0796875 0.1984375
1 0.7859375 0.32265625 0.11484375 0.19140625
1 0.75390625 0.26875 0.0984375 0.14609375
1 0.68125 0.22890625 0.09765625 0.13671875
1 0.2859375 0.06171875 0.096875 0.09609375
0 0.2078125 0.48046875 0.07265625 0.13203125
0 0.24765625 0.89765625 0.1125 0.2046875
0 0.3671875 0.9203125 0.109375 0.159375
0 0.75859375 0.5484375 0.0984375 0.33046875
0 0.4078125 0.1375 0.04140625 0.18671875
0 0.36328125 0.07421875 0.03203125 0.06015625
0 0.2796875 0.1484375 0.03125 0.04765625
0 0.2375 0.16484375 0.03125 0.13515625
0 0.31640625 0.14765625 0.0296875 0.05234375
0 0.471875 0.19765625 0.04140625 0.09140625
0 0.5203125 0.15703125 0.03984375 0.08515625
0 0.5234375 0.23125 0.03984375 0.0890625
0 0.57421875 0.2015625 0.0484375 0.10703125
0 0.553125 0.0390625 0.025 0.078125
0 0.5296875 0.0375 0.021875 0.075
0 0.5078125 0.03515625 0.02421875 0.0703125
1 0.5 0.1 0.04375 0.09453125