0 0.9375 0.628125 0.125 0.075
2 0.97890625 0.5953125 0.040625 0.025
0 0.46796875 0.2015625 0.1703125 0.121875
2 0.55390625 0.228125 0.04375 0.040625
0 0.1109375 0.353125 0.221875 0.2125
0 0.50234375 0.765625 0.3234375 0.153125
0 0.87109375 0.3359375 0.1265625 0.0546875
0 0.88828125 0.2890625 0.084375 0.0421875
0 0.84921875 0.26171875 0.1203125 0.0578125
1 0.90546875 0.2109375 0.09375 0.1015625
0 0.77734375 0.42109375 0.13125 0.0578125
0 0.84609375 0.4625 0.078125 0.05
0 0.7671875 0.46875 0.0921875 0.0515625