0 0.76640625 0.50703125 0.1625 0.3453125
0 0.5828125 0.06015625 0.0625 0.1203125
0 0.40703125 0.11640625 0.071875 0.159375
0 0.4359375 0.91171875 0.14375 0.1765625
0 0.30859375 0.90703125 0.1765625 0.1859375
0 0.26484375 0.35078125 0.09375 0.2375
0 0.209375 0.52421875 0.103125 0.1765625
0 0.3390625 0.1515625 0.0796875 0.18125
0 0.28984375 0.0984375 0.0375 0.0546875
0 0.42265625 0.209375 0.059375 0.1109375
0 0.45859375 0.1609375 0.05625 0.0859375
0 0.4734375 0.2359375 0.0625 0.0953125
0 0.5234375 0.1953125 0.065625 0.10625
0 0.21953125 0.19453125 0.040625 0.05625
0 0.25546875 0.18203125 0.0390625 0.0546875
1 0.88046875 0.0375 0.0953125 0.075
1 0.83515625 0.31328125 0.115625 0.2203125
1 0.753125 0.278125 0.1515625 0.2140625
1 0.70625 0.2296875 0.1328125 0.1609375
1 0.63125 0.19765625 0.1234375 0.146875
1 0.4515625 0.0921875 0.09375 0.1046875
1 0.209375 0.1046875 0.11875 0.115625