2 0.540625 0.7578125 0.03125 0.021875
0 0.52109375 0.78984375 0.16875 0.1046875
0 0.43203125 0.86328125 0.165625 0.0578125
0 0.5359375 0.22734375 0.33125 0.121875
0 0.265625 0.34765625 0.184375 0.0625
0 0.30078125 0.4890625 0.26875 0.06875
0 0.17109375 0.7484375 0.0453125 0.0296875
0 0.159375 0.70859375 0.0515625 0.0296875
0 0.23515625 0.4375 0.0796875 0.0421875
1 0.07734375 0.7453125 0.109375 0.103125
1 0.05625 0.0671875 0.1125 0.08125
1 0.34765625 0.1453125 0.209375 0.0921875
1 0.3046875 0.2265625 0.1984375 0.13125
1 0.2484375 0.26015625 0.1421875 0.115625
1 0.21328125 0.34140625 0.14375 0.109375
1 0.11796875 0.4796875 0.1296875 0.0890625