0 0.85859375 0.83359375 0.1625 0.3265625
0 0.54453125 0.35 0.0828125 0.1640625
0 0.44765625 0.26640625 0.071875 0.1296875
0 0.37265625 0.34375 0.065625 0.17421875
0 0.446875 0.4078125 0.07578125 0.159375
0 0.1796875 0.115625 0.0421875 0.0875
0 0.0375 0.25859375 0.046875 0.08203125
0 0.08671875 0.2625 0.04921875 0.08828125
1 0.0625 0.0859375 0.125 0.128125
1 0.90546875 0.55546875 0.1890625 0.33984375
1 0.85703125 0.44140625 0.16484375 0.25859375
1 0.7265625 0.3828125 0.17109375 0.2296875
1 0.4453125 0.16875 0.13984375 0.14375
2 0.66953125 0.1390625 0.0171875 0.04609375
0 0.66015625 0.11796875 0.0578125 0.2359375
2 0.534375 0.0953125 0.01328125 0.0375
0 0.4453125 0.0765625 0.06015625 0.1171875
0 0.5265625 0.065625 0.05390625 0.13125
2 0.0703125 0.1515625 0.0734375 0.084375