1 0.04375 0.1046875 0.0875 0.096875
1 0.32578125 0.159375 0.2265625 0.109375
1 0.28359375 0.24140625 0.2125 0.1515625
1 0.234375 0.2828125 0.1625 0.1328125
1 0.11640625 0.50625 0.140625 0.0984375
1 0.09921875 0.77421875 0.11875 0.115625
2 0.56171875 0.7609375 0.0296875 0.028125
0 0.5296875 0.7875 0.1734375 0.109375
0 0.44453125 0.87109375 0.1359375 0.059375
0 0.30625 0.515625 0.275 0.1046875
0 0.2375 0.36875 0.153125 0.0703125
0 0.19296875 0.76953125 0.0515625 0.028125
0 0.521875 0.21796875 0.328125 0.1515625