0 0.53203125 0.79453125 0.175 0.125
2 0.41171875 0.78671875 0.0375 0.0296875
0 0.87421875 0.74765625 0.2515625 0.1703125
0 0.2671875 0.56484375 0.115625 0.0625
0 0.25625 0.51875 0.1203125 0.0609375
0 0.5171875 0.23046875 0.3375 0.15625
0 0.19921875 0.46328125 0.09375 0.0796875
0 0.0953125 0.690625 0.08125 0.0453125
1 0.0953125 0.77734375 0.1140625 0.1046875
0 0.059375 0.415625 0.11875 0.059375
2 0.01484375 0.44453125 0.0296875 0.0203125
0 0.0578125 0.546875 0.1015625 0.0484375
1 0.31328125 0.15078125 0.2171875 0.109375
1 0.27734375 0.234375 0.20625 0.1328125
1 0.23515625 0.27734375 0.1625 0.1203125
1 0.196875 0.35625 0.159375 0.121875
1 0.1171875 0.3203125 0.003125 0.0015625
1 0.03984375 0.10078125 0.0796875 0.0921875
1 0.10078125 0.5328125 0.0953125 0.0953125
0 0.5390625 0.8703125 0.1046875 0.059375