1 0.0546875 0.0703125 0.109375 0.084375
1 0.07578125 0.7484375 0.1046875 0.1109375
1 0.35390625 0.1453125 0.2265625 0.096875
1 0.30390625 0.2234375 0.2046875 0.1328125
1 0.2484375 0.26328125 0.15625 0.115625
1 0.21171875 0.3375 0.14375 0.121875
2 0.1328125 0.5796875 0.0203125 0.0109375
0 0.5015625 0.7921875 0.165625 0.084375
0 0.28125 0.73515625 0.2125 0.0625
0 0.5328125 0.2375 0.328125 0.121875
0 0.0609375 0.3640625 0.121875 0.040625
0 0.08359375 0.52734375 0.1421875 0.0453125
0 0.090625 0.58046875 0.121875 0.0484375
0 0.075 0.66875 0.0453125 0.028125
0 0.16796875 0.7453125 0.053125 0.0328125
0 0.1609375 0.7109375 0.0578125 0.03125
0 0.21171875 0.546875 0.121875 0.046875
0 0.1625 0.50546875 0.096875 0.05
0 0.23984375 0.5 0.103125 0.0546875
0 0.20234375 0.44453125 0.115625 0.0546875
0 0.9015625 0.73515625 0.196875 0.1609375
0 0.91015625 0.60234375 0.1796875 0.1265625