0 0.7125 0.0796875 0.046875 0.15078125
2 0.68515625 0.0484375 0.01796875 0.03671875
0 0.20078125 0.47421875 0.09296875 0.1546875
2 0.24375 0.3953125 0.034375 0.03671875
0 0.27734375 0.8765625 0.1703125 0.23984375
0 0.7609375 0.5484375 0.0953125 0.3109375
0 0.409375 0.1046875 0.0328125 0.12109375
0 0.3671875 0.07890625 0.0265625 0.08203125
0 0.3328125 0.11171875 0.0359375 0.115625
1 0.29375 0.046875 0.08671875 0.07734375
0 0.47578125 0.2125 0.03515625 0.1265625
0 0.52890625 0.153125 0.03671875 0.07109375
0 0.5203125 0.23203125 0.0359375 0.08671875