0 0.75859375 0.55390625 0.09765625 0.3296875
0 0.52109375 0.04296875 0.0328125 0.07265625
0 0.5828125 0.0421875 0.0359375 0.08359375
2 0.6296875 0.08125 0.0078125 0.0171875
0 0.6359375 0.06640625 0.040625 0.1328125
0 0.3703125 0.91484375 0.115625 0.1703125
0 0.24609375 0.8984375 0.12734375 0.203125
0 0.21328125 0.4828125 0.07109375 0.14453125
0 0.36484375 0.06875 0.0265625 0.04921875
0 0.28359375 0.15078125 0.03046875 0.05078125
0 0.309375 0.1484375 0.03046875 0.0453125
0 0.47421875 0.21015625 0.040625 0.1171875
0 0.52109375 0.16875 0.04453125 0.09921875
0 0.57578125 0.20703125 0.0484375 0.09765625
0 0.51875 0.2375 0.0453125 0.10234375
1 0.96328125 0.0703125 0.0734375 0.140625
1 0.284375 0.0578125 0.1 0.10078125
1 0.8640625 0.3765625 0.08203125 0.21875
1 0.78671875 0.32890625 0.1171875 0.20625
1 0.75390625 0.27109375 0.10390625 0.15703125
1 0.68046875 0.221875 0.10390625 0.14453125
1 0.521875 0.09765625 0.08828125 0.09375
0 0.884375 0.86796875 0.109375 0.2640625