1 0.959375 0.071875 0.078125 0.14375
1 0.86171875 0.375 0.0796875 0.2171875
1 0.7859375 0.321875 0.12421875 0.19609375
1 0.75234375 0.2671875 0.1125 0.1484375
1 0.546875 0.11953125 0.08203125 0.13125
1 0.284375 0.06484375 0.1015625 0.10703125
2 0.2328125 0.525 0.02578125 0.0265625
0 0.2109375 0.4890625 0.08671875 0.1625
0 0.13984375 0.39375 0.0421875 0.13046875
0 0.51171875 0.30625 0.0671875 0.26875
0 0.66640625 0.25859375 0.05078125 0.14609375
0 0.27578125 0.15859375 0.021875 0.0484375
0 0.7765625 0.5609375 0.11015625 0.315625