1 0.96328125 0.07265625 0.0703125 0.1453125
1 0.28515625 0.0625 0.1 0.096875
1 0.865625 0.37890625 0.07578125 0.215625
1 0.7859375 0.325 0.1296875 0.20703125
1 0.7578125 0.2609375 0.10546875 0.14375
1 0.6796875 0.23203125 0.10703125 0.12890625
1 0.5046875 0.09765625 0.090625 0.0875
2 0.515625 0.021875 0.009375 0.015625
0 0.52734375 0.0359375 0.0203125 0.071875
0 0.5015625 0.0375 0.0421875 0.071875
0 0.24140625 0.16875 0.0375 0.14921875
0 0.14453125 0.4390625 0.0328125 0.11484375
0 0.20703125 0.48828125 0.0875 0.15546875
0 0.50390625 0.34609375 0.05234375 0.0859375
0 0.7828125 0.559375 0.11171875 0.30234375
0 0.65625 0.28515625 0.06015625 0.15546875
0 0.27578125 0.15078125 0.028125 0.05
2 0.221875 0.37734375 0.0171875 0.03515625