2 0.64296875 0.2140625 0.046875 0.015625
0 0.596875 0.1328125 0.1921875 0.05
0 0.52109375 0.21015625 0.1640625 0.09375
0 0.43984375 0.76015625 0.340625 0.1046875
0 0.73671875 0.66796875 0.1421875 0.0609375
0 0.70703125 0.52734375 0.2703125 0.071875
0 0.85390625 0.2875 0.0578125 0.03125
1 0.94453125 0.30078125 0.10625 0.096875
1 0.91328125 0.965625 0.1421875 0.06875
1 0.61328125 0.86875 0.234375 0.0921875
1 0.665625 0.79609375 0.2 0.125
1 0.728125 0.75859375 0.15625 0.10625
1 0.78203125 0.68984375 0.1296875 0.1265625