0 0.765625 0.5796875 0.1359375 0.321875
0 0.20859375 0.46484375 0.10625 0.1578125
0 0.14453125 0.36875 0.0640625 0.1703125
0 0.71015625 0.2828125 0.0765625 0.1671875
0 0.53046875 0.35078125 0.0703125 0.1390625
0 0.503125 0.31171875 0.0578125 0.0890625
0 0.275 0.140625 0.0609375 0.165625
0 0.31171875 0.12421875 0.0296875 0.0546875
0 0.5015625 0.03515625 0.040625 0.0703125
1 0.4265625 0.05625 0.0515625 0.0609375
1 0.3296875 0.0453125 0.109375 0.090625
1 0.97890625 0.1203125 0.0421875 0.146875
1 0.87578125 0.415625 0.1046875 0.2203125
1 0.80390625 0.35703125 0.146875 0.2234375
1 0.77734375 0.29609375 0.125 0.1734375
1 0.70859375 0.2546875 0.121875 0.171875
0 0.43046875 0.02265625 0.0296875 0.0453125
2 0.22109375 0.346875 0.015625 0.0328125
1 0.5875 0.1265625 0.09375 0.1203125