2 0.6765625 0.165625 0.01328125 0.04375
0 0.871875 0.85 0.16875 0.3
2 0.3515625 0.2109375 0.01328125 0.04140625
0 0.7 0.1109375 0.059375 0.221875
0 0.43125 0.1078125 0.0515625 0.1828125
0 0.35 0.15078125 0.053125 0.24453125
0 0.3671875 0.36015625 0.06875 0.1765625
0 0.4453125 0.3 0.0734375 0.17421875
0 0.55 0.3640625 0.07890625 0.1875
0 0.4484375 0.4203125 0.07734375 0.16171875
0 0.165625 0.12109375 0.046875 0.0984375
0 0.01796875 0.27421875 0.0359375 0.075
0 0.07421875 0.26953125 0.05 0.09375
1 0.04765625 0.16328125 0.07734375 0.096875
1 0.91328125 0.57890625 0.1734375 0.353125
1 0.87265625 0.46875 0.16953125 0.225
1 0.73984375 0.403125 0.175 0.23984375
1 0.45234375 0.178125 0.1484375 0.14921875
1 0.0546875 0.0921875 0.109375 0.13515625