0 0.34140625 0.45 0.11328125 0.646875
0 0.61171875 0.821875 0.2015625 0.35625
0 0.8109375 0.24453125 0.09140625 0.15390625
0 0.68828125 0.17578125 0.0703125 0.3515625
0 0.78828125 0.184375 0.0546875 0.1328125
0 0.296875 0.13515625 0.0578125 0.16171875
0 0.3953125 0.06171875 0.05703125 0.1234375
0 0.4515625 0.05234375 0.04375 0.1046875
0 0.4984375 0.0609375 0.0515625 0.121875
0 0.6609375 0.54375 0.159375 0.37890625
2 0.5890625 0.59609375 0.05234375 0.053125
1 0.046875 0.284375 0.09296875 0.19296875
1 0.115625 0.1875 0.1421875 0.15859375
1 0.2453125 0.10859375 0.05859375 0.09921875