0 0.53125 0.2375 0.3375 0.125
0 0.04296875 0.51875 0.075 0.0390625
0 0.03984375 0.45625 0.0796875 0.04375
2 0.071875 0.40703125 0.0171875 0.009375
0 0.06171875 0.40234375 0.1234375 0.0515625
0 0.9171875 0.59296875 0.165625 0.1296875
0 0.90546875 0.71796875 0.1890625 0.1453125
0 0.5078125 0.7875 0.15 0.084375
0 0.08203125 0.671875 0.0515625 0.03125
0 0.17109375 0.74609375 0.053125 0.0359375
0 0.16640625 0.7203125 0.0484375 0.034375
0 0.21328125 0.55078125 0.1203125 0.05
0 0.16796875 0.5078125 0.103125 0.0515625
0 0.2015625 0.45 0.1 0.05625
0 0.23671875 0.50390625 0.10625 0.0546875
1 0.05234375 0.07578125 0.1046875 0.0859375
1 0.078125 0.753125 0.1078125 0.1078125
1 0.3453125 0.1484375 0.225 0.1
1 0.3046875 0.22890625 0.215625 0.134375
1 0.25 0.2671875 0.1640625 0.115625
1 0.20703125 0.34453125 0.1515625 0.115625
1 0.09765625 0.51328125 0.1015625 0.0953125
0 0.8328125 0.08515625 0.271875 0.13125