0 0.45 0.7609375 0.33125 0.0984375
0 0.4390625 0.4046875 0.36875 0.0890625
0 0.10390625 0.246875 0.20625 0.1125
0 0.08125 0.36796875 0.1625 0.115625
0 0.51484375 0.209375 0.14375 0.0671875
0 0.815625 0.23125 0.13125 0.04375
0 0.85078125 0.2796875 0.0546875 0.03125
0 0.7921875 0.47578125 0.1125 0.040625
0 0.84140625 0.5203125 0.075 0.04375
0 0.79296875 0.57578125 0.090625 0.046875
0 0.7640625 0.5203125 0.0921875 0.0453125
0 0.9296875 0.3625 0.0484375 0.03125
0 0.9640625 0.525 0.071875 0.034375
0 0.965625 0.5609375 0.06875 0.028125
0 0.9625 0.584375 0.075 0.015625
1 0.9296875 0.9640625 0.140625 0.071875
1 0.93984375 0.28515625 0.103125 0.096875
1 0.6234375 0.86484375 0.2109375 0.0859375
1 0.678125 0.78828125 0.190625 0.115625
1 0.73203125 0.75234375 0.140625 0.1
1 0.77421875 0.67734375 0.13125 0.1046875