0 0.296875 0.51875 0.2828125 0.1109375
0 0.24140625 0.38046875 0.16875 0.0875
0 0.503125 0.23359375 0.3484375 0.140625
0 0.53359375 0.78515625 0.165625 0.1140625
2 0.42578125 0.80546875 0.025 0.015625
0 0.4578125 0.8765625 0.1890625 0.071875
0 0.2453125 0.4515625 0.090625 0.0546875
0 0.1953125 0.77578125 0.0578125 0.0328125
0 0.1921875 0.74765625 0.0390625 0.0296875
0 0.16484375 0.8359375 0.0875 0.040625
1 0.10234375 0.78203125 0.1140625 0.1140625
1 0.0375 0.1109375 0.075 0.09375
1 0.31640625 0.16015625 0.2125 0.10625
1 0.28125 0.24375 0.2140625 0.1515625
1 0.22734375 0.28984375 0.18125 0.121875
1 0.1171875 0.5125 0.1390625 0.103125