0 0.51328125 0.234375 0.3421875 0.14375
0 0.5734375 0.5859375 0.378125 0.1390625
0 0.90859375 0.6953125 0.1828125 0.140625
0 0.921875 0.571875 0.15625 0.1375
0 0.52578125 0.78984375 0.1515625 0.0859375
0 0.225 0.81015625 0.1359375 0.0609375
0 0.18359375 0.7671875 0.0578125 0.0390625
0 0.2140625 0.56484375 0.1171875 0.05625
0 0.159375 0.52734375 0.0796875 0.053125
0 0.19921875 0.465625 0.096875 0.059375
0 0.2359375 0.51640625 0.096875 0.0578125
0 0.09375 0.69609375 0.0515625 0.0375
0 0.0375 0.5390625 0.075 0.04375
0 0.0328125 0.5046875 0.065625 0.0375
0 0.034375 0.48046875 0.06875 0.0265625
1 0.0421875 0.1 0.084375 0.090625
1 0.09453125 0.77421875 0.115625 0.1109375
1 0.32734375 0.15625 0.2203125 0.1125
1 0.28359375 0.2390625 0.2046875 0.140625
1 0.23515625 0.28203125 0.153125 0.11875
1 0.20390625 0.3625 0.1453125 0.121875