0 0.41953125 0.14296875 0.103125 0.20625
0 0.14453125 0.471875 0.10625 0.175
0 0.11875 0.41484375 0.0484375 0.1
0 0.5140625 0.22578125 0.065625 0.125
0 0.62578125 0.26015625 0.075 0.125
0 0.578125 0.1921875 0.0671875 0.1015625
0 0.5609375 0.275 0.071875 0.1140625
0 0.7484375 0.6671875 0.1703125 0.3359375
0 0.3109375 0.11953125 0.040625 0.053125
0 0.35390625 0.1234375 0.0453125 0.059375
0 0.25859375 0.12421875 0.0734375 0.1671875
1 0.35 0.028125 0.115625 0.05625
1 0.90625 0.5140625 0.1359375 0.2421875
1 0.834375 0.43984375 0.175 0.2390625
1 0.8125 0.3609375 0.1390625 0.1640625
1 0.740625 0.30078125 0.1453125 0.1671875
1 0.5671875 0.1140625 0.0703125 0.1078125
0 0.646875 0.06875 0.05 0.0984375
0 0.61953125 0.0625 0.0515625 0.0984375
0 0.59453125 0.046875 0.0390625 0.078125
0 0.0921875 0.86953125 0.121875 0.1171875