1 0.8953125 0.975 0.146875 0.05
1 0.59921875 0.87265625 0.221875 0.0984375
1 0.65625 0.8 0.1984375 0.1328125
1 0.71640625 0.77109375 0.153125 0.1078125
1 0.75859375 0.696875 0.1390625 0.121875
1 0.903125 0.55078125 0.115625 0.0953125
1 0.95 0.31875 0.1 0.109375
0 0.42890625 0.75546875 0.3390625 0.11875
0 0.59921875 0.35234375 0.2984375 0.0953125
0 0.19296875 0.28046875 0.365625 0.1640625
0 0.125 0.2140625 0.221875 0.15
0 0.8046875 0.49609375 0.096875 0.05
0 0.83515625 0.53671875 0.084375 0.0484375
0 0.76953125 0.53828125 0.08125 0.0578125
0 0.7875 0.59609375 0.1015625 0.05
0 0.8265625 0.4171875 0.1875 0.0640625
0 0.846875 0.2609375 0.1609375 0.0484375
0 0.94296875 0.39375 0.0578125 0.03125
0 0.90234375 0.72265625 0.1484375 0.0484375
2 0.54609375 0.23359375 0.034375 0.0265625
0 0.52734375 0.20859375 0.15 0.1015625
0 0.8765625 0.3671875 0.15 0.053125