0 0.78515625 0.55625 0.1109375 0.31484375
0 0.14296875 0.44296875 0.03671875 0.1265625
0 0.2078125 0.48984375 0.0859375 0.15390625
0 0.6703125 0.25390625 0.08203125 0.14609375
0 0.4421875 0.0625 0.0375 0.125
0 0.359375 0.04921875 0.02578125 0.06640625
0 0.27421875 0.15546875 0.03046875 0.06328125
0 0.30625 0.1421875 0.02734375 0.04921875
0 0.4546875 0.29375 0.0671875 0.084375
2 0.22578125 0.38046875 0.02578125 0.040625
0 0.54765625 0.04453125 0.03359375 0.0890625
0 0.515625 0.0375 0.03125 0.075
1 0.534375 0.0953125 0.1109375 0.08515625
1 0.290625 0.0953125 0.05625 0.0609375
1 0.28515625 0.0625 0.09453125 0.0921875
1 0.9640625 0.06953125 0.071875 0.1390625
1 0.86171875 0.3734375 0.08125 0.2046875
1 0.7890625 0.3234375 0.11796875 0.18984375
1 0.753125 0.26484375 0.09921875 0.1328125