0 0.43359375 0.7578125 0.3359375 0.1234375
0 0.921875 0.6828125 0.140625 0.046875
0 0.89453125 0.4953125 0.1546875 0.053125
0 0.1 0.3421875 0.190625 0.1234375
0 0.12109375 0.21640625 0.221875 0.153125
0 0.69765625 0.3046875 0.234375 0.0671875
0 0.54140625 0.2109375 0.16875 0.0828125
0 0.87578125 0.421875 0.178125 0.059375
0 0.93828125 0.38515625 0.0515625 0.0328125
0 0.80078125 0.48984375 0.10625 0.046875
0 0.83984375 0.5359375 0.08125 0.0484375
0 0.76328125 0.53359375 0.090625 0.053125
0 0.79140625 0.59140625 0.103125 0.053125
0 0.86015625 0.2953125 0.053125 0.0359375
0 0.86484375 0.3328125 0.0515625 0.034375
1 0.903125 0.971875 0.146875 0.05625
1 0.60625 0.86875 0.2140625 0.0921875
1 0.659375 0.79609375 0.203125 0.128125
1 0.7171875 0.76171875 0.15 0.1171875
1 0.76484375 0.69609375 0.1359375 0.1078125
1 0.90859375 0.54453125 0.096875 0.084375
1 0.94921875 0.30546875 0.1015625 0.1078125