0 0.19375 0.48125 0.090625 0.1921875
2 0.234375 0.3796875 0.0328125 0.0421875
0 0.34765625 0.10859375 0.03125 0.1375
0 0.37734375 0.0828125 0.0328125 0.09375
0 0.48125 0.23359375 0.040625 0.1375
0 0.5203125 0.24375 0.0375 0.103125
0 0.5796875 0.19453125 0.0359375 0.0921875
0 0.46875 0.08984375 0.0421875 0.1328125
0 0.68671875 0.0765625 0.046875 0.146875
2 0.6578125 0.0390625 0.025 0.040625
0 0.53125 0.1578125 0.0453125 0.075
0 0.765625 0.55625 0.0984375 0.3109375
0 0.25625 0.91875 0.1078125 0.15625
0 0.17421875 0.84140625 0.0890625 0.265625
1 0.6921875 0.23125 0.103125 0.1390625
1 0.7578125 0.2625 0.103125 0.1390625
1 0.79375 0.3421875 0.121875 0.1578125
1 0.878125 0.36875 0.084375 0.1890625