0 0.5234375 0.0453125 0.03984375 0.090625
0 0.58203125 0.04765625 0.040625 0.09453125
0 0.75859375 0.54765625 0.09921875 0.32578125
0 0.24375 0.89765625 0.12265625 0.2046875
0 0.36875 0.91796875 0.1125 0.16328125
0 0.49375 0.753125 0.128125 0.4453125
0 0.475 0.20625 0.04375 0.11328125
0 0.51796875 0.23515625 0.046875 0.0953125
0 0.57578125 0.20390625 0.0484375 0.096875
0 0.51796875 0.15703125 0.040625 0.07578125
0 0.21015625 0.48671875 0.06875 0.15703125
0 0.23671875 0.171875 0.0375 0.15625
0 0.2828125 0.1453125 0.0265625 0.04296875
0 0.31484375 0.14765625 0.02890625 0.04609375
0 0.36484375 0.0703125 0.0234375 0.05390625
1 0.28515625 0.05625 0.09609375 0.0953125
1 0.9625 0.06953125 0.075 0.1390625
1 0.8609375 0.38203125 0.0828125 0.22265625
1 0.7875 0.32734375 0.12109375 0.196875
1 0.75546875 0.27265625 0.10078125 0.15
1 0.68046875 0.22734375 0.103125 0.1421875