2 0.55 0.434375 0.0515625 0.0546875
0 0.13125 0.69453125 0.1578125 0.059375
0 0.27265625 0.63515625 0.3671875 0.1171875
0 0.840625 0.33828125 0.31875 0.1828125
0 0.53515625 0.3234375 0.359375 0.153125
0 0.1921875 0.32890625 0.3609375 0.0890625
0 0.25 0.18046875 0.1453125 0.0828125
0 0.18125 0.1953125 0.115625 0.0640625
0 0.059375 0.5921875 0.11875 0.0625
0 0.046875 0.53984375 0.09375 0.0453125
0 0.053125 0.49609375 0.10625 0.046875
1 0.27421875 0.94765625 0.209375 0.1
1 0.184375 0.87890625 0.16875 0.146875
1 0.10390625 0.74765625 0.1 0.0640625