2 0.3328125 0.7765625 0.0359375 0.01875
0 0.35625 0.85546875 0.2109375 0.0765625
0 0.4484375 0.78828125 0.165625 0.11875
0 0.58828125 0.23671875 0.3421875 0.1625
0 0.2953125 0.296875 0.171875 0.071875
0 0.1265625 0.6703125 0.059375 0.034375
0 0.346875 0.4640625 0.165625 0.075
1 0.14609375 0.01171875 0.1484375 0.0234375
1 0.43046875 0.1203125 0.2125 0.1109375
1 0.37109375 0.18984375 0.2125 0.1515625
1 0.3140625 0.21640625 0.1671875 0.128125
1 0.25859375 0.27890625 0.1484375 0.1234375
1 0.1328125 0.3953125 0.1296875 0.1015625
1 0.04453125 0.64453125 0.0890625 0.1109375