0 0.05 0.571875 0.096875 0.0578125
0 0.0453125 0.5140625 0.090625 0.059375
0 0.49296875 0.2375 0.3390625 0.165625
0 0.9140625 0.66796875 0.171875 0.1640625
0 0.921875 0.540625 0.15625 0.14375
0 0.74921875 0.453125 0.4625 0.2171875
0 0.21796875 0.58515625 0.11875 0.065625
0 0.2375 0.5375 0.103125 0.065625
0 0.19453125 0.4875 0.1046875 0.0671875
0 0.1609375 0.55390625 0.08125 0.0546875
0 0.54765625 0.7859375 0.1671875 0.1
0 0.23359375 0.82578125 0.1609375 0.06875
0 0.1984375 0.7859375 0.0484375 0.034375
0 0.19375 0.7546875 0.0515625 0.0390625
0 0.1078125 0.721875 0.05625 0.034375
1 0.1109375 0.80234375 0.1140625 0.1140625
1 0.02890625 0.13671875 0.0578125 0.1015625
1 0.309375 0.17109375 0.234375 0.1265625
1 0.27109375 0.2546875 0.2171875 0.159375
1 0.22421875 0.29765625 0.1671875 0.1296875
1 0.19609375 0.38046875 0.1609375 0.1296875