2 0.20078125 0.378125 0.0140625 0.03515625
0 0.1265625 0.41328125 0.04453125 0.20546875
0 0.20703125 0.49453125 0.0953125 0.153125
0 0.77421875 0.54609375 0.11171875 0.32890625
0 0.66875 0.26640625 0.04765625 0.1671875
0 0.2734375 0.1578125 0.02578125 0.05703125
0 0.51171875 0.34296875 0.05 0.159375
1 0.9625 0.06953125 0.075 0.1390625
1 0.8640625 0.371875 0.0796875 0.203125
1 0.7859375 0.32421875 0.12109375 0.1953125
1 0.75078125 0.271875 0.10546875 0.15390625
1 0.68046875 0.22734375 0.10390625 0.13515625
1 0.54609375 0.12109375 0.084375 0.1171875
1 0.284375 0.0609375 0.096875 0.0984375