2 0.209375 0.3671875 0.0140625 0.046875
0 0.1296875 0.415625 0.04453125 0.190625
0 0.209375 0.4890625 0.0875 0.1609375
0 0.76171875 0.55078125 0.0921875 0.33828125
0 0.659375 0.2578125 0.05703125 0.14140625
0 0.5203125 0.2921875 0.06328125 0.26953125
0 0.275 0.15390625 0.0296875 0.05703125
1 0.28515625 0.0625 0.09453125 0.10390625
1 0.959375 0.06953125 0.08125 0.1390625
1 0.86484375 0.37421875 0.084375 0.23203125
1 0.78984375 0.32421875 0.11875 0.1953125
1 0.75078125 0.26328125 0.10078125 0.15234375
1 0.6796875 0.21171875 0.12109375 0.125