0 0.7890625 0.53125 0.1375 0.3234375
0 0.1390625 0.47421875 0.0484375 0.1296875
0 0.2078125 0.515625 0.0984375 0.159375
0 0.6484375 0.23984375 0.09375 0.153125
0 0.40390625 0.06953125 0.0484375 0.128125
0 0.3203125 0.06328125 0.03125 0.0671875
0 0.2453125 0.1765625 0.0359375 0.065625
0 0.27578125 0.16015625 0.0328125 0.0515625
0 0.43671875 0.2984375 0.075 0.090625
2 0.21640625 0.4046875 0.028125 0.0421875
0 0.50703125 0.04375 0.0421875 0.0875
0 0.475 0.03828125 0.0375 0.0765625
1 0.49921875 0.09375 0.1171875 0.09375
1 0.25625 0.11484375 0.0609375 0.065625
1 0.24765625 0.0828125 0.1015625 0.1
1 0.925 0.0515625 0.084375 0.103125
1 0.84921875 0.3421875 0.0984375 0.2109375
1 0.77265625 0.29921875 0.134375 0.2
1 0.73203125 0.24375 0.1109375 0.140625