1 0.02890625 0.13515625 0.0578125 0.0984375
1 0.30078125 0.17109375 0.215625 0.11875
1 0.26796875 0.25390625 0.215625 0.1546875
1 0.21796875 0.3 0.1578125 0.125
1 0.19921875 0.378125 0.1625 0.13125
1 0.10625 0.5875 0.1 0.059375
1 0.1140625 0.80234375 0.1203125 0.1171875
0 0.49453125 0.234375 0.3390625 0.165625
0 0.39375 0.71015625 0.278125 0.115625
0 0.921875 0.54453125 0.15625 0.1453125
0 0.9125 0.66328125 0.175 0.1546875
0 0.10859375 0.72265625 0.0578125 0.0359375
0 0.21484375 0.5859375 0.1078125 0.05625
0 0.15625 0.55234375 0.090625 0.059375
0 0.19609375 0.4890625 0.1 0.0671875
0 0.23125 0.53671875 0.090625 0.065625
0 0.23359375 0.82421875 0.153125 0.071875
0 0.5421875 0.78828125 0.146875 0.0859375
0 0.04140625 0.5765625 0.0765625 0.05
0 0.03984375 0.5453125 0.0796875 0.04375
0 0.03359375 0.51953125 0.0671875 0.0390625
0 0.20390625 0.7875 0.05 0.0359375
0 0.190625 0.7578125 0.0453125 0.034375