0 0.20078125 0.4765625 0.08671875 0.16015625
2 0.2390625 0.39140625 0.03828125 0.05546875
2 0.7015625 0.0796875 0.01796875 0.03984375
0 0.734375 0.11328125 0.06171875 0.1890625
0 0.38671875 0.146875 0.03828125 0.15390625
0 0.29296875 0.821875 0.14375 0.35546875
0 0.75859375 0.53984375 0.09296875 0.32265625
0 0.3890625 0.62109375 0.1328125 0.19765625
0 0.47265625 0.2171875 0.0328125 0.13046875
1 0.296875 0.046875 0.0859375 0.06171875
0 0.3625 0.08828125 0.01484375 0.1046875
0 0.21875 0.8921875 0.10859375 0.19609375