0 0.1796875 0.79375 0.359375 0.18125
1 0.321875 0.95546875 0.2703125 0.084375
1 0.44296875 0.88515625 0.315625 0.21875
1 0.54296875 0.84296875 0.2203125 0.1796875
1 0.61171875 0.7328125 0.23125 0.1859375
1 0.93671875 0.14140625 0.1265625 0.1640625
1 0.89921875 0.14921875 0.09375 0.0859375
0 0.921875 0.26171875 0.090625 0.053125
0 0.69453125 0.41171875 0.171875 0.0796875
0 0.74140625 0.4921875 0.15625 0.08125
0 0.66484375 0.56953125 0.171875 0.090625
0 0.63046875 0.47421875 0.159375 0.0890625
0 0.81484375 0.11796875 0.078125 0.053125
0 0.80625 0.16484375 0.0765625 0.0515625
1 0.84921875 0.5046875 0.1625 0.1546875
0 0.93828125 0.5234375 0.1234375 0.06875
0 0.8984375 0.65 0.1765625 0.0703125
2 0.89765625 0.59375 0.0296875 0.015625
0 0.93046875 0.60234375 0.1234375 0.0640625