1 0.5625 0.88046875 0.2234375 0.1171875
1 0.6234375 0.8140625 0.228125 0.153125
1 0.671875 0.78515625 0.1859375 0.1375
1 0.73828125 0.7265625 0.1546875 0.1296875
1 0.8984375 0.59296875 0.1109375 0.1015625
0 0.56875 0.37734375 0.315625 0.165625
0 0.39296875 0.74453125 0.3203125 0.1515625
0 0.246875 0.246875 0.4359375 0.2296875
0 0.159375 0.1703125 0.234375 0.171875
2 0.88515625 0.775 0.025 0.01875
0 0.8515625 0.78984375 0.171875 0.0765625
0 0.80078125 0.52421875 0.1015625 0.05
0 0.82890625 0.5703125 0.0953125 0.05
0 0.7734375 0.625 0.1078125 0.06875
0 0.76484375 0.56640625 0.0953125 0.065625
0 0.82734375 0.4625 0.171875 0.078125