2 0.95 0.6921875 0.0171875 0.0140625
0 0.90390625 0.6984375 0.13125 0.0515625
0 0.9515625 0.60859375 0.078125 0.053125
2 0.67421875 0.25546875 0.0375 0.0265625
0 0.609375 0.1515625 0.1140625 0.071875
0 0.56640625 0.2140625 0.1671875 0.11875
0 0.40234375 0.7453125 0.3390625 0.1578125
0 0.721875 0.5 0.1421875 0.0921875
0 0.18515625 0.103125 0.253125 0.1859375
0 0.94765625 0.44921875 0.0671875 0.0453125
0 0.91640625 0.40859375 0.1390625 0.0640625
0 0.75625 0.63359375 0.0921875 0.0671875
0 0.87421875 0.3078125 0.1578125 0.0609375
1 0.546875 0.878125 0.228125 0.11875
1 0.61796875 0.815625 0.2125 0.1546875
1 0.68203125 0.790625 0.1578125 0.1296875
1 0.7375 0.728125 0.14375 0.128125
1 0.88828125 0.6 0.103125 0.103125
1 0.9578125 0.36796875 0.084375 0.1046875