1 0.80625 0.0671875 0.096875 0.134375
1 0.8390625 0.321875 0.1171875 0.2296875
1 0.75703125 0.28515625 0.1453125 0.209375
1 0.7203125 0.2359375 0.1296875 0.1703125
1 0.63828125 0.20234375 0.1296875 0.146875
0 0.80390625 0.03125 0.0515625 0.0625
0 0.7796875 0.51015625 0.153125 0.3359375
0 0.63359375 0.240625 0.06875 0.1609375
0 0.11171875 0.46875 0.06875 0.1890625
0 0.20625 0.54296875 0.11875 0.1484375
0 0.48828125 0.3625 0.078125 0.165625
0 0.2203125 0.1875 0.034375 0.046875
2 0.18046875 0.43515625 0.025 0.046875
1 0.88828125 0.03828125 0.0984375 0.0765625
1 0.21796875 0.09765625 0.1125 0.1140625
1 0.28671875 0.08046875 0.0265625 0.05
0 0.35234375 0.05234375 0.0453125 0.075