1 0.921875 0.9640625 0.140625 0.071875
1 0.6234375 0.8671875 0.1875 0.0796875
1 0.6703125 0.7921875 0.1890625 0.1203125
1 0.721875 0.7546875 0.146875 0.1109375
1 0.76953125 0.6875 0.15 0.1015625
1 0.9421875 0.290625 0.1078125 0.096875
0 0.44140625 0.771875 0.31875 0.109375
0 0.72421875 0.69296875 0.1375 0.06875
0 0.6328125 0.51953125 0.1546875 0.05625
0 0.97109375 0.42890625 0.05625 0.0328125
0 0.85546875 0.28046875 0.0578125 0.0265625
1 0.925 0.43046875 0.053125 0.0359375
1 0.88046875 0.55234375 0.1109375 0.0859375
0 0.56015625 0.14609375 0.140625 0.0390625
0 0.51015625 0.21015625 0.1796875 0.0921875
2 0.6328125 0.21328125 0.034375 0.015625
0 0.95703125 0.48359375 0.0859375 0.028125