0 0.76328125 0.521875 0.1359375 0.3390625
0 0.465625 0.04375 0.040625 0.075
0 0.52578125 0.0390625 0.0453125 0.078125
2 0.57734375 0.06875 0.009375 0.01875
0 0.58125 0.0609375 0.05625 0.121875
0 0.42109375 0.91796875 0.1359375 0.1640625
0 0.29609375 0.90859375 0.1515625 0.1828125
0 0.21328125 0.51796875 0.0890625 0.1515625
0 0.31328125 0.08828125 0.0328125 0.053125
0 0.24296875 0.1796875 0.0375 0.053125
0 0.26796875 0.17421875 0.0359375 0.0484375
0 0.4390625 0.215625 0.0546875 0.121875
0 0.48046875 0.16875 0.05625 0.1046875
0 0.53984375 0.2 0.059375 0.1015625
0 0.48671875 0.2375 0.0578125 0.1078125
1 0.9078125 0.0453125 0.090625 0.090625
1 0.23203125 0.0875 0.1109375 0.1109375
1 0.84609375 0.3328125 0.1078125 0.2265625
1 0.7640625 0.2953125 0.1421875 0.21875
1 0.72421875 0.2421875 0.121875 0.1671875
1 0.6453125 0.20234375 0.1203125 0.1546875
1 0.47265625 0.09765625 0.0984375 0.103125
0 0.9265625 0.81875 0.140625 0.275