0 0.1140625 0.6890625 0.225 0.621875
0 0.6125 0.82421875 0.21015625 0.3515625
0 0.65703125 0.221875 0.06484375 0.25703125
0 0.81015625 0.25703125 0.0859375 0.16640625
0 0.7796875 0.2 0.0515625 0.13515625
0 0.70390625 0.1546875 0.03203125 0.1234375
0 0.63671875 0.61171875 0.16953125 0.48359375
0 0.30390625 0.15390625 0.071875 0.19140625
0 0.39921875 0.059375 0.0609375 0.11875
0 0.44921875 0.04140625 0.0421875 0.0828125
0 0.49765625 0.04921875 0.04453125 0.09765625
1 0.04453125 0.27109375 0.08828125 0.21875
1 0.11875 0.190625 0.1453125 0.16484375
1 0.2453125 0.1109375 0.0578125 0.10234375