0 0.63984375 0.1921875 0.3953125 0.1609375
0 0.62265625 0.8703125 0.1875 0.084375
0 0.5734375 0.91640625 0.103125 0.0453125
0 0.25234375 0.86875 0.2015625 0.0671875
0 0.10546875 0.73125 0.0671875 0.034375
1 0.09453125 0.81875 0.096875 0.10625
1 0.409375 0.090625 0.253125 0.11875
1 0.35234375 0.190625 0.24375 0.1578125
1 0.2984375 0.2390625 0.18125 0.1359375
1 0.2546875 0.33046875 0.18125 0.1390625
1 0.11875 0.565625 0.1140625 0.0609375
0 0.25 0.58125 0.13125 0.05625
0 0.28515625 0.52109375 0.1359375 0.0671875
0 0.24296875 0.46015625 0.1390625 0.0703125
0 0.1890625 0.53125 0.1046875 0.0578125
0 0.21328125 0.8015625 0.140625 0.0484375