0 0.75703125 0.55078125 0.10078125 0.33203125
0 0.4734375 0.203125 0.04375 0.11484375
0 0.52109375 0.2359375 0.04921875 0.1
0 0.575 0.20859375 0.05 0.09921875
0 0.51953125 0.15234375 0.04296875 0.078125
0 0.3625 0.06875 0.03046875 0.0484375
0 0.290625 0.29140625 0.059375 0.22734375
0 0.3671875 0.91875 0.11328125 0.1625
0 0.24765625 0.896875 0.1171875 0.20546875
0 0.2046875 0.48125 0.06015625 0.146875
0 0.2328125 0.16953125 0.03125 0.14296875
0 0.27890625 0.14921875 0.03046875 0.04453125
0 0.3125 0.14609375 0.02734375 0.0484375
0 0.571875 0.0359375 0.028125 0.071875
0 0.540625 0.0359375 0.03125 0.071875
0 0.5125 0.034375 0.0265625 0.06875
1 0.49765625 0.09609375 0.040625 0.08828125
1 0.86328125 0.3734375 0.078125 0.203125
1 0.96328125 0.07109375 0.0734375 0.14140625
1 0.7859375 0.32421875 0.1171875 0.1953125
1 0.75234375 0.265625 0.10234375 0.14296875
1 0.68046875 0.22890625 0.10390625 0.1375
1 0.63828125 0.184375 0.09296875 0.11796875
1 0.2828125 0.06015625 0.0984375 0.1