1 0.97734375 0.83515625 0.0453125 0.1109375
1 0.875 0.175 0.109375 0.1203125
1 0.71796875 0.81953125 0.228125 0.1328125
1 0.74609375 0.73125 0.225 0.171875
1 0.78828125 0.684375 0.178125 0.1453125
1 0.8140625 0.603125 0.1578125 0.14375
1 0.89375 0.4171875 0.1125 0.1125
0 0.21171875 0.75703125 0.3453125 0.2515625
0 0.08125 0.48125 0.1625 0.153125
0 0.084375 0.3546875 0.16875 0.178125
0 0.52109375 0.76484375 0.3515625 0.184375
0 0.44296875 0.22109375 0.1765625 0.11875
0 0.7828125 0.39765625 0.109375 0.0671875
0 0.82890625 0.428125 0.1046875 0.0671875
0 0.75546875 0.44921875 0.1125 0.075
0 0.80078125 0.49921875 0.1140625 0.0734375
2 0.96015625 0.5109375 0.0234375 0.0140625
0 0.94453125 0.50390625 0.1109375 0.0671875
0 0.95625 0.4 0.0734375 0.0546875
0 0.9578125 0.4578125 0.084375 0.05
0 0.8765625 0.25859375 0.059375 0.04375
0 0.784375 0.1984375 0.0609375 0.0390625
0 0.78984375 0.228125 0.0640625 0.0453125