1 0.9671875 0.8703125 0.065625 0.1
1 0.890625 0.20234375 0.115625 0.121875
1 0.68828125 0.834375 0.2328125 0.121875
1 0.72890625 0.75078125 0.215625 0.1546875
1 0.77890625 0.7046875 0.1671875 0.13125
1 0.80625 0.62578125 0.1546875 0.1359375
2 0.8546875 0.37578125 0.021875 0.0125
0 0.4625 0.21015625 0.171875 0.103125
0 0.68828125 0.23984375 0.2140625 0.0875
0 0.5 0.7640625 0.334375 0.159375
0 0.94453125 0.5796875 0.1109375 0.05625
0 0.91015625 0.421875 0.1453125 0.0625
0 0.896875 0.3703125 0.125 0.0625
0 0.9015625 0.28046875 0.0484375 0.0328125
0 0.8 0.215625 0.05625 0.0390625
0 0.8109375 0.24921875 0.0609375 0.0390625
0 0.78046875 0.41875 0.1234375 0.0609375
0 0.83359375 0.453125 0.1 0.0609375
0 0.7578125 0.46796875 0.1078125 0.0671875
0 0.80234375 0.51875 0.11875 0.0671875
0 0.0890625 0.315625 0.178125 0.184375
0 0.0875 0.4484375 0.175 0.146875