1 0.96328125 0.07109375 0.0734375 0.1421875
1 0.86484375 0.375 0.08203125 0.2171875
1 0.78828125 0.3234375 0.1203125 0.190625
1 0.75546875 0.26484375 0.0984375 0.14609375
1 0.678125 0.228125 0.1125 0.13125
1 0.52265625 0.09453125 0.08671875 0.10859375
1 0.2875 0.059375 0.10390625 0.103125
0 0.76015625 0.553125 0.0953125 0.3328125
0 0.34609375 0.4109375 0.07578125 0.29453125
0 0.30234375 0.821875 0.1390625 0.35625
0 0.240625 0.89375 0.1359375 0.2125
0 0.475 0.19609375 0.04296875 0.09375
0 0.51328125 0.16328125 0.0421875 0.08203125
0 0.51953125 0.228125 0.05390625 0.07890625
0 0.57578125 0.20625 0.04375 0.0984375
0 0.39453125 0.1796875 0.0515625 0.18359375
0 0.2375 0.1703125 0.03671875 0.16015625
0 0.36328125 0.065625 0.02890625 0.05546875
0 0.69375 0.0828125 0.0390625 0.1453125
2 0.23125 0.47265625 0.025 0.0328125
0 0.20703125 0.49296875 0.0921875 0.14375
0 0.34140625 0.13359375 0.04375 0.14765625