0 0.31015625 0.5421875 0.2234375 0.6921875
0 0.6734375 0.7984375 0.25 0.3828125
0 0.64140625 0.1703125 0.128125 0.3171875
0 0.76640625 0.20625 0.1140625 0.16875
0 0.7328125 0.13984375 0.06875 0.1203125
0 0.66015625 0.54921875 0.209375 0.4265625
0 0.25078125 0.1796875 0.1015625 0.1796875
0 0.3328125 0.08125 0.078125 0.1265625
0 0.38125 0.0625 0.05625 0.1015625
0 0.42578125 0.06171875 0.0578125 0.115625
1 0.03671875 0.34296875 0.0734375 0.2328125
1 0.0796875 0.26328125 0.159375 0.2015625
1 0.18515625 0.15234375 0.0734375 0.10625