0 0.4625 0.73203125 0.3484375 0.10625
0 0.09296875 0.31015625 0.1671875 0.05
0 0.66953125 0.21640625 0.3953125 0.134375
0 0.5640625 0.87421875 0.209375 0.121875
0 0.240625 0.53671875 0.1359375 0.053125
0 0.1953125 0.4828125 0.109375 0.059375
0 0.24921875 0.415625 0.125 0.0625
0 0.16796875 0.64375 0.1921875 0.0515625
0 0.16953125 0.77109375 0.0609375 0.040625
0 0.15859375 0.69453125 0.146875 0.0703125
1 0.465625 0.0828125 0.2453125 0.1015625
1 0.4046875 0.17109375 0.23125 0.146875
1 0.3375 0.20859375 0.1828125 0.134375
1 0.28671875 0.29453125 0.1796875 0.1296875
1 0.10859375 0.478125 0.125 0.1046875
1 0.05859375 0.75625 0.1171875 0.121875