0 0.26640625 0.475 0.0890625 0.34296875
0 0.66796875 0.08359375 0.03984375 0.165625
0 0.7921875 0.6546875 0.1140625 0.390625
0 0.1296875 0.58359375 0.11015625 0.20234375
0 0.45 0.24296875 0.04765625 0.13515625
0 0.5015625 0.19453125 0.05234375 0.10703125
0 0.57109375 0.2453125 0.05703125 0.12265625
0 0.3390625 0.17578125 0.0421875 0.18984375
0 0.21171875 0.184375 0.03671875 0.059375
0 0.2875 0.16953125 0.06171875 0.14453125
1 0.91484375 0.44375 0.0890625 0.23984375
1 0.8234375 0.3875 0.1359375 0.225
1 0.7828125 0.32265625 0.12421875 0.1765625
1 0.69375 0.2765625 0.1203125 0.1734375
1 0.5015625 0.1078125 0.0984375 0.1203125
1 0.22109375 0.0703125 0.11640625 0.11484375