0 0.5515625 0.9578125 0.403125 0.084375
0 0.13828125 0.85859375 0.1 0.0546875
2 0.25546875 0.740625 0.04375 0.0234375
0 0.11953125 0.3078125 0.2390625 0.075
0 0.16953125 0.63125 0.2546875 0.071875
0 0.1921875 0.75859375 0.234375 0.075
0 0.371875 0.64140625 0.1796875 0.078125
0 0.30078125 0.5671875 0.165625 0.0859375
0 0.365625 0.45703125 0.1734375 0.09375
0 0.43359375 0.55703125 0.1609375 0.090625
1 0.10390625 0.9578125 0.1078125 0.084375
0 0.296875 0.9421875 0.0953125 0.053125
0 0.8390625 0.0984375 0.2890625 0.1828125
1 0.58203125 0.08515625 0.3359375 0.1703125
1 0.48046875 0.125 0.2890625 0.1984375
1 0.40625 0.2609375 0.2640625 0.2
1 0.19296875 0.96796875 0.1046875 0.0640625
1 0.15703125 0.553125 0.109375 0.1265625