0 0.57109375 0.2125 0.1796875 0.134375
2 0.68125 0.26015625 0.0390625 0.03125
0 0.2109375 0.13125 0.303125 0.1890625
0 0.74140625 0.51875 0.11875 0.06875
0 0.73515625 0.565625 0.121875 0.06875
0 0.39140625 0.74765625 0.340625 0.178125
0 0.7703125 0.6375 0.096875 0.084375
0 0.9453125 0.45859375 0.0828125 0.05
1 0.95703125 0.378125 0.0859375 0.109375
0 0.89375 0.7328125 0.1390625 0.0671875
2 0.9375 0.71796875 0.034375 0.021875
0 0.93203125 0.60703125 0.103125 0.0546875
1 0.55546875 0.8921875 0.2203125 0.1234375
1 0.61875 0.82578125 0.2109375 0.14375
1 0.67265625 0.79921875 0.1671875 0.1296875
1 0.7359375 0.73828125 0.165625 0.13125
1 0.7984375 0.8 0.003125 0.0015625
1 0.88671875 0.60625 0.1 0.1
0 0.58984375 0.1390625 0.1078125 0.065625