1 0.96328125 0.06796875 0.0734375 0.1359375
1 0.86484375 0.37109375 0.0765625 0.1984375
1 0.7875 0.32421875 0.115625 0.19375
1 0.7515625 0.26640625 0.10234375 0.1375
1 0.68046875 0.2234375 0.10078125 0.1328125
1 0.28515625 0.06015625 0.096875 0.096875
1 0.49921875 0.0984375 0.04921875 0.0875
0 0.55625 0.0453125 0.028125 0.090625
0 0.509375 0.03515625 0.0265625 0.0703125
0 0.759375 0.55859375 0.1 0.315625
0 0.3640625 0.9203125 0.11640625 0.15859375
0 0.246875 0.896875 0.1125 0.20546875
0 0.47421875 0.19296875 0.0375 0.090625
0 0.51953125 0.159375 0.03984375 0.0765625
0 0.52265625 0.2359375 0.04453125 0.09140625
0 0.5734375 0.20390625 0.046875 0.10234375
0 0.20625 0.4859375 0.0671875 0.14609375
0 0.1671875 0.4328125 0.03125 0.0734375
0 0.23671875 0.17578125 0.03984375 0.15078125
0 0.28125 0.15390625 0.025 0.0578125
0 0.31484375 0.1484375 0.02421875 0.05625
0 0.3640625 0.06875 0.02734375 0.05