2 0.53515625 0.37265625 0.0515625 0.084375
0 0.30703125 0.15546875 0.07265625 0.19921875
0 0.3984375 0.06015625 0.06015625 0.11953125
0 0.45625 0.046875 0.0421875 0.09375
0 0.4984375 0.0546875 0.04453125 0.109375
0 0.41796875 0.28359375 0.1 0.36171875
0 0.778125 0.91953125 0.14375 0.1609375
0 0.6828125 0.5671875 0.15703125 0.39296875
0 0.665625 0.19765625 0.08515625 0.353125
0 0.8109375 0.24921875 0.0890625 0.1453125
0 0.79921875 0.17578125 0.0515625 0.10859375
1 0.0453125 0.275 0.090625 0.21328125
1 0.1171875 0.1953125 0.14453125 0.17421875
1 0.24453125 0.11171875 0.05703125 0.090625