0 0.51328125 0.29609375 0.06875 0.27421875
0 0.65859375 0.26328125 0.0625 0.1609375
0 0.7625 0.54453125 0.0890625 0.3390625
0 0.21328125 0.48828125 0.090625 0.15234375
2 0.21015625 0.37890625 0.0125 0.0234375
0 0.134375 0.39921875 0.04375 0.184375
0 0.5875 0.25625 0.0421875 0.08515625
0 0.275 0.15625 0.02421875 0.0546875
0 0.30390625 0.15703125 0.02421875 0.0359375
0 0.2203125 0.11640625 0.02734375 0.084375
1 0.28359375 0.06328125 0.1 0.10078125
1 0.96171875 0.06875 0.0734375 0.1375
1 0.8640625 0.371875 0.07578125 0.20390625
1 0.7875 0.32421875 0.12265625 0.19765625
1 0.75 0.26328125 0.09609375 0.16875
1 0.54765625 0.1203125 0.08515625 0.12734375