1 0.9390625 0.7828125 0.121875 0.103125
1 0.6953125 0.82890625 0.23125 0.1296875
1 0.728125 0.7453125 0.2140625 0.1546875
1 0.775 0.70546875 0.175 0.1359375
1 0.8046875 0.621875 0.1515625 0.1359375
0 0.97578125 0.778125 0.0484375 0.05625
0 0.5046875 0.78046875 0.3375 0.16875
0 0.765625 0.6203125 0.1625 0.0765625
0 0.5109375 0.11015625 0.1890625 0.078125
0 0.4421875 0.20859375 0.1515625 0.125
0 0.63671875 0.48125 0.1671875 0.084375
0 0.79765625 0.2046875 0.0484375 0.0359375
2 0.5484375 0.17734375 0.046875 0.028125
1 0.9703125 0.86171875 0.059375 0.1046875
1 0.88671875 0.19765625 0.11875 0.1171875
1 0.9078125 0.26484375 0.0515625 0.028125
0 0.9390625 0.32890625 0.0765625 0.0484375