0 0.6046875 0.059375 0.08125 0.11875
2 0.56953125 0.01875 0.0265625 0.0375
0 0.203125 0.54765625 0.128125 0.1734375
2 0.22578125 0.46015625 0.0421875 0.0453125
0 0.37421875 0.890625 0.2234375 0.21875
0 0.76484375 0.48359375 0.1671875 0.325
0 0.31640625 0.13828125 0.0609375 0.1265625
0 0.26953125 0.1234375 0.0453125 0.0859375
0 0.24375 0.1640625 0.0625 0.1203125
1 0.190625 0.11015625 0.103125 0.096875
0 0.40703125 0.2265625 0.0640625 0.13125
0 0.44375 0.15625 0.053125 0.078125
0 0.4546875 0.23515625 0.05625 0.09375