2 0.840625 0.66484375 0.04375 0.0140625
0 0.16328125 0.88359375 0.30625 0.1796875
2 0.78359375 0.34140625 0.040625 0.0140625
0 0.8921875 0.68515625 0.215625 0.0671875
0 0.88984375 0.41796875 0.184375 0.0578125
0 0.84375 0.33828125 0.2453125 0.0609375
0 0.63515625 0.3625 0.178125 0.075
0 0.69765625 0.43828125 0.178125 0.0796875
0 0.6375 0.5453125 0.190625 0.084375
0 0.578125 0.4453125 0.165625 0.084375
0 0.8671875 0.15234375 0.1 0.05
0 0.70859375 0.01484375 0.0765625 0.0296875
0 0.715625 0.06640625 0.0953125 0.053125
1 0.8203125 0.03828125 0.1 0.0765625
1 0.4359375 0.9109375 0.359375 0.178125
1 0.54453125 0.87109375 0.23125 0.1765625
1 0.60546875 0.7359375 0.246875 0.1828125
1 0.8203125 0.44140625 0.1546875 0.153125
1 0.8921875 0.0484375 0.1375 0.096875