1 0.9609375 0.06953125 0.075 0.1390625
1 0.28203125 0.059375 0.1046875 0.096875
1 0.8640625 0.37890625 0.08125 0.22265625
1 0.78984375 0.3234375 0.11796875 0.196875
1 0.75390625 0.265625 0.1046875 0.15078125
1 0.68203125 0.2234375 0.11328125 0.1359375
2 0.44609375 0.128125 0.009375 0.0203125
0 0.20859375 0.48125 0.0734375 0.1609375
0 0.28046875 0.265625 0.0484375 0.20859375
0 0.759375 0.55078125 0.10078125 0.32265625
0 0.66640625 0.06640625 0.03203125 0.13203125
0 0.5015625 0.0828125 0.0359375 0.140625
0 0.4484375 0.0859375 0.03984375 0.11953125
0 0.3609375 0.0640625 0.02421875 0.04296875
0 0.278125 0.1515625 0.0296875 0.0515625
0 0.31328125 0.146875 0.028125 0.05546875
0 0.4734375 0.209375 0.0390625 0.11796875
0 0.51796875 0.16328125 0.04296875 0.09375
0 0.51796875 0.240625 0.0484375 0.1
0 0.57578125 0.20703125 0.046875 0.1125
0 0.2359375 0.8953125 0.14609375 0.209375
0 0.36796875 0.9078125 0.1140625 0.18359375