0 0.75546875 0.58125 0.1375 0.321875
0 0.2078125 0.87109375 0.1328125 0.2125
0 0.32265625 0.90625 0.128125 0.165625
0 0.2125 0.45625 0.0875 0.1625
0 0.2703125 0.1390625 0.0515625 0.1390625
0 0.50625 0.20390625 0.0484375 0.115625
0 0.55703125 0.16015625 0.05 0.0875
0 0.55078125 0.23828125 0.05 0.096875
0 0.60625 0.21171875 0.0578125 0.1078125
0 0.521875 0.1 0.0640625 0.1453125
0 0.5640625 0.03984375 0.0390625 0.075
0 0.58359375 0.0453125 0.0265625 0.0796875
0 0.6015625 0.046875 0.0328125 0.0796875
0 0.4078125 0.059375 0.0359375 0.05625
0 0.31796875 0.12890625 0.0328125 0.0578125
0 0.35390625 0.1328125 0.0328125 0.05625
1 0.3296875 0.04609375 0.10625 0.0921875
1 0.98125 0.11796875 0.0375 0.1421875
1 0.875 0.409375 0.096875 0.2078125
1 0.803125 0.35390625 0.1390625 0.2046875
1 0.7765625 0.29375 0.1171875 0.1484375
1 0.71171875 0.24453125 0.1109375 0.15