2 0.4015625 0.49296875 0.0859375 0.0734375
0 0.52109375 0.3078125 0.3984375 0.24375
0 0.19609375 0.778125 0.1765625 0.1015625
0 0.0984375 0.70390625 0.1328125 0.0890625
0 0.07109375 0.6546875 0.1 0.0640625
0 0.065625 0.6109375 0.109375 0.0625
0 0.165625 0.25859375 0.140625 0.10625
0 0.12109375 0.28984375 0.103125 0.071875
0 0.26171875 0.44140625 0.2734375 0.1703125
0 0.12109375 0.40625 0.2390625 0.125
1 0.3984375 0.9640625 0.2 0.071875
1 0.2953125 0.92734375 0.2 0.1453125
1 0.17578125 0.84296875 0.115625 0.0859375