0 0.265625 0.8984375 0.384375 0.203125
0 0.665625 0.509375 0.1796875 0.1171875
0 0.72578125 0.40078125 0.1484375 0.1
0 0.63515625 0.3453125 0.18125 0.103125
0 0.590625 0.4296875 0.18125 0.109375
0 0.925 0.365625 0.1171875 0.0734375
0 0.91953125 0.46875 0.1609375 0.084375
2 0.91796875 0.553125 0.040625 0.0234375
0 0.9046875 0.55078125 0.190625 0.0984375
0 0.8109375 0.1171875 0.0828125 0.05625
1 0.8078125 0.03671875 0.159375 0.0734375
1 0.74765625 0.03046875 0.0984375 0.0609375
1 0.54921875 0.88515625 0.3328125 0.2296875
1 0.6453125 0.82265625 0.2453125 0.203125
1 0.6765625 0.6859375 0.24375 0.2109375
1 0.82109375 0.38125 0.178125 0.1734375
0 0.6515625 0.0203125 0.084375 0.040625
0 0.653125 0.0625 0.0796875 0.05625