0 0.2296875 0.36171875 0.1609375 0.3453125
0 0.7421875 0.7921875 0.221875 0.4109375
0 0.05234375 0.5296875 0.1046875 0.20625
0 0.18828125 0.14609375 0.103125 0.2125
0 0.38203125 0.05859375 0.053125 0.0875
0 0.24765625 0.1296875 0.046875 0.075
0 0.2921875 0.13515625 0.05 0.06875
0 0.48359375 0.265625 0.0875 0.1578125
0 0.53046875 0.31953125 0.0953125 0.1453125
0 0.6109375 0.29375 0.0953125 0.14375
0 0.5609375 0.21015625 0.075 0.109375
0 0.60078125 0.0546875 0.059375 0.09375
0 0.63515625 0.071875 0.053125 0.1078125
0 0.6640625 0.08046875 0.05625 0.1109375
1 0.9234375 0.60859375 0.153125 0.2984375
1 0.8484375 0.5171875 0.2109375 0.2890625
1 0.8265625 0.43125 0.1703125 0.2125
1 0.7453125 0.3484375 0.171875 0.2
1 0.5484375 0.12578125 0.08125 0.1375
1 0.29296875 0.0328125 0.1390625 0.065625