0 0.7625 0.55390625 0.1046875 0.3125
0 0.2484375 0.89921875 0.1125 0.2015625
0 0.36640625 0.92265625 0.1125 0.1546875
0 0.209375 0.48671875 0.07109375 0.15546875
0 0.23359375 0.16484375 0.03828125 0.1359375
0 0.475 0.2046875 0.03828125 0.1125
0 0.52109375 0.15625 0.03984375 0.084375
0 0.5234375 0.234375 0.04140625 0.09296875
0 0.57578125 0.20234375 0.04765625 0.103125
0 0.4796875 0.1 0.04921875 0.140625
0 0.515625 0.0359375 0.03125 0.071875
0 0.5359375 0.0390625 0.01875 0.078125
0 0.55390625 0.0390625 0.02578125 0.07734375
0 0.3625 0.07109375 0.03125 0.05234375
0 0.28046875 0.15 0.0265625 0.0546875
0 0.31640625 0.15 0.028125 0.05390625
1 0.2828125 0.059375 0.096875 0.0984375
1 0.96328125 0.06796875 0.0734375 0.1359375
1 0.86328125 0.3703125 0.0765625 0.2015625
1 0.7859375 0.3234375 0.11875 0.19453125
1 0.753125 0.265625 0.103125 0.1390625
1 0.68359375 0.2234375 0.09765625 0.140625