0 0.76171875 0.528125 0.08984375 0.31953125
0 0.29453125 0.671875 0.10390625 0.37578125
0 0.20546875 0.48046875 0.0796875 0.17109375
0 0.20625 0.384375 0.05078125 0.2171875
0 0.45859375 0.2515625 0.0625 0.18828125
0 0.6296875 0.19921875 0.08046875 0.2390625
0 0.50703125 0.30390625 0.0546875 0.16953125
0 0.58359375 0.22265625 0.04140625 0.115625
0 0.31875 0.15390625 0.0328125 0.08125
0 0.28046875 0.15390625 0.0296875 0.065625
1 0.96015625 0.06953125 0.0703125 0.1390625
1 0.86875 0.36328125 0.0671875 0.21328125
1 0.546875 0.11015625 0.084375 0.11953125
1 0.78984375 0.33046875 0.11796875 0.18359375
1 0.75390625 0.25546875 0.09609375 0.1390625
2 0.234375 0.50390625 0.0375 0.04609375
1 0.28671875 0.0453125 0.08828125 0.07421875