2 0.35703125 0.7859375 0.046875 0.015625
0 0.403125 0.8671875 0.1921875 0.05
0 0.47890625 0.78984375 0.1640625 0.09375
0 0.56015625 0.23984375 0.340625 0.1046875
0 0.26328125 0.33203125 0.1421875 0.0609375
0 0.29296875 0.47265625 0.2703125 0.071875
0 0.14609375 0.7125 0.0578125 0.03125
1 0.05546875 0.69921875 0.10625 0.096875
1 0.08515625 0.034375 0.1421875 0.06875
1 0.38671875 0.13125 0.234375 0.0921875
1 0.334375 0.20390625 0.2 0.125
1 0.271875 0.24140625 0.15625 0.1046875
1 0.21796875 0.31015625 0.1296875 0.1265625