0 0.7609375 0.553125 0.10625 0.33125
0 0.66015625 0.06953125 0.0390625 0.1390625
0 0.475 0.10625 0.0453125 0.15234375
0 0.36328125 0.9078125 0.1140625 0.184375
0 0.23671875 0.89296875 0.1421875 0.2140625
0 0.29453125 0.3125 0.0546875 0.23125
0 0.209375 0.4734375 0.075 0.16484375
0 0.40234375 0.12890625 0.04921875 0.17421875
0 0.3625 0.06796875 0.0296875 0.05
0 0.47421875 0.2 0.0421875 0.1046875
0 0.51796875 0.15859375 0.04375 0.0796875
0 0.51953125 0.23515625 0.0484375 0.08828125
0 0.57578125 0.20390625 0.0484375 0.1
0 0.2765625 0.15078125 0.0328125 0.0515625
0 0.3140625 0.14453125 0.03125 0.05078125
1 0.9625 0.071875 0.071875 0.14296875
1 0.8625 0.37421875 0.08046875 0.209375
1 0.7875 0.325 0.11875 0.19609375
1 0.75 0.26953125 0.109375 0.14296875
1 0.68203125 0.225 0.1015625 0.13125
1 0.5234375 0.08984375 0.0796875 0.0921875
1 0.2828125 0.06015625 0.103125 0.10078125