0 0.834375 0.1984375 0.33125 0.18125
0 0.34765625 0.43515625 0.175 0.1015625
0 0.25390625 0.51640625 0.14375 0.0875
0 0.3203125 0.59921875 0.1765625 0.0875
0 0.390625 0.53515625 0.1765625 0.09375
0 0.05546875 0.4796875 0.1109375 0.0625
0 0.09140625 0.38359375 0.165625 0.06875
2 0.12578125 0.30703125 0.0390625 0.0203125
0 0.125 0.309375 0.2140625 0.078125
0 0.0765625 0.753125 0.0796875 0.0515625
1 0.0546875 0.8703125 0.109375 0.153125
1 0.1015625 0.86796875 0.0921875 0.078125
1 0.58984375 0.1109375 0.3171875 0.221875
1 0.47421875 0.14765625 0.2328125 0.184375
1 0.39765625 0.26484375 0.2296875 0.190625
1 0.15703125 0.50234375 0.165625 0.1609375
0 0.19140625 0.90546875 0.08125 0.05
0 0.20625 0.859375 0.0765625 0.0484375