1 0.96171875 0.07109375 0.0765625 0.14140625
1 0.2828125 0.05390625 0.1015625 0.0859375
1 0.86484375 0.371875 0.0796875 0.2140625
1 0.7875 0.321875 0.12421875 0.2
1 0.75234375 0.26953125 0.109375 0.1546875
1 0.68046875 0.2234375 0.11171875 0.1328125
1 0.521875 0.0984375 0.0921875 0.0921875
0 0.6734375 0.8453125 0.178125 0.309375
0 0.36953125 0.91484375 0.11328125 0.1703125
0 0.24453125 0.89609375 0.128125 0.2078125
0 0.7609375 0.5484375 0.10078125 0.3375
0 0.215625 0.4828125 0.0796875 0.1609375
0 0.47421875 0.2 0.0421875 0.1015625
0 0.515625 0.16328125 0.04453125 0.09609375
0 0.5171875 0.23984375 0.05 0.10390625
0 0.57734375 0.209375 0.0484375 0.1046875
2 0.6296875 0.05859375 0.009375 0.02109375
0 0.621875 0.0625 0.0359375 0.125
0 0.52109375 0.03359375 0.0390625 0.06640625
0 0.5796875 0.04375 0.02890625 0.08671875
0 0.3640625 0.0734375 0.03125 0.053125
0 0.28203125 0.146875 0.025 0.05546875
0 0.3125 0.15 0.03046875 0.0578125