0 0.5296875 0.80546875 0.2015625 0.1125
2 0.42265625 0.78125 0.046875 0.0390625
0 0.13671875 0.71171875 0.140625 0.0484375
0 0.10703125 0.6859375 0.096875 0.04375
0 0.2390625 0.56015625 0.140625 0.05625
0 0.24375 0.5203125 0.1078125 0.05
0 0.1859375 0.46953125 0.0953125 0.046875
0 0.1 0.59453125 0.1375 0.059375
0 0.0640625 0.38046875 0.128125 0.0640625
2 0.02109375 0.41484375 0.0421875 0.0296875
0 0.15703125 0.52265625 0.0796875 0.053125
0 0.5140625 0.22890625 0.31875 0.1359375
0 0.93359375 0.675 0.1328125 0.125
0 0.87578125 0.76796875 0.2484375 0.1203125
1 0.2046875 0.35234375 0.15 0.11875
1 0.225 0.28203125 0.15 0.11875
1 0.29765625 0.23515625 0.171875 0.1390625
1 0.31171875 0.146875 0.196875 0.10625