1 0.946875 0.3 0.10625 0.1
1 0.9140625 0.96953125 0.140625 0.0609375
1 0.61171875 0.8671875 0.2125 0.0859375
1 0.66171875 0.79375 0.2171875 0.128125
1 0.72890625 0.76328125 0.153125 0.1015625
1 0.7671875 0.690625 0.1421875 0.1078125
0 0.0921875 0.353125 0.178125 0.11875
0 0.1140625 0.22109375 0.2140625 0.1515625
0 0.5234375 0.209375 0.1578125 0.071875
0 0.9328125 0.37734375 0.0609375 0.0265625
0 0.859375 0.28984375 0.0484375 0.0296875
0 0.85703125 0.325 0.0609375 0.028125
0 0.79921875 0.48359375 0.10625 0.04375
0 0.7546875 0.52734375 0.1171875 0.0546875
0 0.7890625 0.5859375 0.121875 0.0484375
0 0.83828125 0.53203125 0.0921875 0.046875
0 0.43828125 0.75703125 0.334375 0.1109375
2 0.915625 0.66484375 0.021875 0.0109375
0 0.93203125 0.6671875 0.1265625 0.0421875
0 0.91328125 0.50859375 0.1640625 0.0375
1 0.89921875 0.51640625 0.021875 0.009375
0 0.9578125 0.5328125 0.078125 0.03125