2 0.7859375 0.746875 0.0453125 0.021875
0 0.11953125 0.7828125 0.2390625 0.23125
2 0.81484375 0.4203125 0.0421875 0.021875
0 0.834375 0.78203125 0.2296875 0.1078125
0 0.89765625 0.52109375 0.1890625 0.090625
0 0.87421875 0.43203125 0.25 0.10625
0 0.66640625 0.40234375 0.1875 0.10625
0 0.70703125 0.49140625 0.1875 0.1109375
0 0.62109375 0.5796875 0.2 0.11875
0 0.5890625 0.46796875 0.1765625 0.1125
0 0.94453125 0.259375 0.10625 0.0671875
0 0.828125 0.08125 0.08125 0.0515625
0 0.8203125 0.13671875 0.103125 0.0703125
1 0.9296875 0.13515625 0.1125 0.0984375
1 0.33046875 0.88046875 0.3828125 0.2390625
1 0.446875 0.8703125 0.2578125 0.215625
1 0.540625 0.75546875 0.2734375 0.225
1 0.82421875 0.52578125 0.1796875 0.178125
1 0.959375 0.1578125 0.08125 0.1375