0 0.615625 0.2640625 0.3390625 0.171875
2 0.1328125 0.23828125 0.0296875 0.0171875
0 0.11953125 0.23515625 0.1359375 0.0671875
0 0.80234375 0.803125 0.290625 0.196875
0 0.809375 0.87265625 0.2359375 0.1453125
2 0.41953125 0.76328125 0.0296875 0.028125
0 0.35703125 0.6453125 0.290625 0.14375
0 0.41875 0.78125 0.1640625 0.1171875
0 0.12890625 0.54140625 0.1421875 0.071875
0 0.2046875 0.45390625 0.109375 0.0640625
0 0.17109375 0.4 0.0890625 0.0609375
0 0.24765625 0.415625 0.103125 0.0640625
0 0.23046875 0.3546875 0.10625 0.06875
0 0.04296875 0.528125 0.046875 0.0375
0 0.11484375 0.67890625 0.146875 0.075
1 0.04140625 0.6015625 0.0828125 0.121875
1 0.46875 0.11796875 0.228125 0.128125
1 0.39921875 0.178125 0.2203125 0.1625
1 0.33515625 0.19765625 0.1640625 0.1296875
1 0.28359375 0.2625 0.175 0.14375
1 0.1109375 0.37890625 0.121875 0.109375