0 0.82109375 0.1296875 0.3328125 0.1734375
0 0.3484375 0.4609375 0.1671875 0.0890625
0 0.26875 0.56015625 0.1328125 0.0765625
0 0.3484375 0.6328125 0.1765625 0.071875
0 0.409375 0.55625 0.1625 0.08125
0 0.12734375 0.83359375 0.0890625 0.0453125
0 0.275 0.9703125 0.0828125 0.05
0 0.27734375 0.92109375 0.0890625 0.053125
1 0.10078125 0.94296875 0.1328125 0.1140625
1 0.540625 0.096875 0.346875 0.19375
1 0.42890625 0.1453125 0.265625 0.175
1 0.375 0.27734375 0.2359375 0.1796875
1 0.17109375 0.56640625 0.1484375 0.1453125
2 0.13359375 0.34296875 0.046875 0.01875
0 0.115625 0.353125 0.23125 0.065625
2 0.09453125 0.4796875 0.0375 0.0140625
0 0.07890625 0.56953125 0.11875 0.0640625
0 0.065625 0.48828125 0.13125 0.0578125
2 0.16640625 0.94140625 0.0875 0.0765625