2 0.54296875 0.38984375 0.053125 0.08046875
0 0.3015625 0.13828125 0.0640625 0.16640625
0 0.39765625 0.059375 0.0578125 0.11875
0 0.45390625 0.04609375 0.0453125 0.09140625
0 0.496875 0.05234375 0.040625 0.1046875
0 0.678125 0.5328125 0.14453125 0.3359375
0 0.74765625 0.13359375 0.0578125 0.25
0 0.64453125 0.10234375 0.07578125 0.20390625
0 0.9421875 0.28359375 0.07578125 0.17421875
1 0.046875 0.2703125 0.09296875 0.22734375
1 0.2453125 0.10859375 0.05625 0.09765625
1 0.11640625 0.2 0.14296875 0.18125