1 0.8734375 0.03203125 0.096875 0.0640625
1 0.8328125 0.30625 0.115625 0.2140625
1 0.75 0.27265625 0.1515625 0.2140625
1 0.7046875 0.22109375 0.1234375 0.15625
1 0.62734375 0.2015625 0.128125 0.1609375
1 0.41953125 0.1046875 0.0578125 0.1
1 0.20390625 0.10859375 0.115625 0.11875
0 0.765625 0.49921875 0.1609375 0.3375
0 0.29140625 0.38984375 0.1109375 0.278125
0 0.446875 0.921875 0.14375 0.15625
0 0.32890625 0.9109375 0.1515625 0.178125
0 0.28359375 0.1046875 0.034375 0.05625
0 0.41875 0.21328125 0.0546875 0.1078125
0 0.45390625 0.15546875 0.0578125 0.090625
0 0.51640625 0.19609375 0.065625 0.1
0 0.46796875 0.23125 0.0640625 0.0890625
0 0.18046875 0.228125 0.0671875 0.1515625
0 0.2109375 0.53671875 0.084375 0.146875
0 0.43125 0.03984375 0.0484375 0.0765625
0 0.46171875 0.0390625 0.0421875 0.078125
0 0.4875 0.03359375 0.0375 0.0671875
0 0.21796875 0.19921875 0.0328125 0.05
0 0.24765625 0.1859375 0.0328125 0.0453125