0 0.48671875 0.23828125 0.3453125 0.1765625
0 0.21875 0.59765625 0.1234375 0.0703125
0 0.2390625 0.54375 0.109375 0.0734375
0 0.19921875 0.49765625 0.109375 0.0734375
0 0.1578125 0.56484375 0.0859375 0.0609375
0 0.11484375 0.7375 0.0546875 0.0421875
0 0.3484375 0.75390625 0.2359375 0.1125
0 0.92265625 0.52734375 0.1546875 0.1484375
0 0.915625 0.64921875 0.16875 0.1640625
0 0.553125 0.79140625 0.15625 0.09375
0 0.24375 0.8390625 0.146875 0.065625
0 0.21328125 0.79921875 0.05 0.040625
0 0.20234375 0.7671875 0.053125 0.0390625
0 0.03515625 0.54140625 0.0703125 0.0453125
0 0.03984375 0.57265625 0.0765625 0.0484375
0 0.0453125 0.60078125 0.0734375 0.0421875
1 0.10859375 0.6 0.0953125 0.0609375
1 0.2890625 0.178125 0.215625 0.125
1 0.02421875 0.15390625 0.0484375 0.1046875
1 0.26015625 0.26484375 0.2171875 0.1609375
1 0.21171875 0.31171875 0.1640625 0.134375
1 0.19296875 0.390625 0.1578125 0.1328125
1 0.16015625 0.4421875 0.1375 0.1203125
1 0.12578125 0.8171875 0.1203125 0.1203125