2 0.5765625 0.53203125 0.0640625 0.0609375
0 0.21640625 0.19375 0.0921875 0.165625
0 0.3109375 0.315625 0.1953125 0.38125
0 0.7453125 0.7890625 0.2484375 0.353125
0 0.6796875 0.48828125 0.228125 0.38125
0 0.58515625 0.17109375 0.1671875 0.3421875
0 0.74375 0.17578125 0.1125 0.159375
0 0.71171875 0.11328125 0.0875 0.1265625
0 0.296875 0.09765625 0.0859375 0.1296875
0 0.34375 0.07265625 0.065625 0.103125
0 0.38828125 0.0671875 0.0703125 0.1140625
1 0.040625 0.396875 0.08125 0.225
1 0.07109375 0.29296875 0.1421875 0.1953125
1 0.1578125 0.18203125 0.084375 0.1109375