1 0.54375 0.8875 0.209375 0.121875
1 0.603125 0.82734375 0.2203125 0.165625
1 0.6671875 0.8015625 0.1625 0.1328125
1 0.7375 0.73828125 0.1640625 0.121875
0 0.4375 0.74296875 0.2234375 0.1203125
0 0.7515625 0.58046875 0.1078125 0.065625
0 0.7625 0.6390625 0.1140625 0.06875
0 0.8015625 0.54140625 0.09375 0.05625
0 0.584375 0.20390625 0.134375 0.084375
0 0.1171875 0.2703125 0.1703125 0.140625
0 0.16484375 0.15546875 0.2109375 0.1515625
1 0.9734375 0.38984375 0.053125 0.1015625
0 0.88671875 0.31015625 0.1375 0.06875
0 0.88828125 0.3609375 0.0546875 0.040625
0 0.90078125 0.59140625 0.14375 0.071875
0 0.94921875 0.4578125 0.053125 0.040625