0 0.79140625 0.67109375 0.121875 0.38515625
0 0.11875 0.58359375 0.06640625 0.18046875
0 0.078125 0.5296875 0.03359375 0.1
0 0.159375 0.21484375 0.04609375 0.1984375
0 0.3109375 0.08359375 0.02890625 0.0640625
1 0.22578125 0.06328125 0.09765625 0.08828125
1 0.91640625 0.45234375 0.09296875 0.2453125
1 0.8234375 0.38515625 0.134375 0.23046875
1 0.78046875 0.3265625 0.11953125 0.1703125
1 0.69453125 0.2734375 0.12265625 0.16796875
1 0.47421875 0.1140625 0.04921875 0.109375
0 0.4453125 0.24296875 0.04296875 0.12734375
0 0.5015625 0.284375 0.053125 0.13046875
0 0.56640625 0.2484375 0.05625 0.13515625
0 0.5015625 0.1875 0.04765625 0.1
0 0.2296875 0.18359375 0.034375 0.13671875