0 0.28125 0.16796875 0.5625 0.3359375
0 0.20625 0.67734375 0.3875 0.278125
0 0.8046875 0.59609375 0.2640625 0.1171875
0 0.80234375 0.753125 0.1796875 0.11875
0 0.8515625 0.7109375 0.1421875 0.078125
0 0.88046875 0.62734375 0.128125 0.0578125
0 0.41953125 0.65703125 0.509375 0.265625
0 0.79765625 0.2359375 0.2015625 0.109375
0 0.91015625 0.31015625 0.128125 0.084375
0 0.93828125 0.3546875 0.0890625 0.0578125
0 0.940625 0.40390625 0.103125 0.0625
1 0.62890625 0.0359375 0.2328125 0.071875
1 0.72265625 0.075 0.1921875 0.15
1 0.82734375 0.1703125 0.1125 0.078125