0 0.8328125 0.7921875 0.1453125 0.415625
0 0.35234375 0.85703125 0.18828125 0.28515625
1 0.46953125 0.15 0.1296875 0.1328125
1 0.96640625 0.5859375 0.0671875 0.271875
1 0.87734375 0.4953125 0.178125 0.2921875
1 0.82578125 0.403125 0.153125 0.20859375
1 0.71484375 0.34453125 0.15 0.2
0 0.05 0.26953125 0.0875 0.2328125
0 0.22890625 0.10546875 0.040625 0.075
0 0.39765625 0.303125 0.06015625 0.14453125
0 0.46875 0.24453125 0.06171875 0.11953125
0 0.553125 0.3140625 0.071875 0.1390625
0 0.46796875 0.359375 0.06875 0.13515625
0 0.10234375 0.2234375 0.0421875 0.08046875
0 0.15078125 0.23046875 0.0421875 0.07109375
0 0.47734375 0.05234375 0.0484375 0.1046875
0 0.54296875 0.05625 0.04296875 0.1109375