2 0.31875 0.7671875 0.0359375 0.0203125
0 0.3375 0.846875 0.2109375 0.0875
0 0.43359375 0.78515625 0.1703125 0.125
0 0.60234375 0.24140625 0.34375 0.178125
0 0.30625 0.28671875 0.1734375 0.08125
0 0.11796875 0.65078125 0.0609375 0.0375
0 0.34921875 0.45625 0.165625 0.0828125
1 0.45 0.1171875 0.215625 0.1203125
1 0.3875 0.18359375 0.215625 0.159375
1 0.32890625 0.20703125 0.171875 0.1359375
1 0.27109375 0.26640625 0.153125 0.128125
1 0.1390625 0.37578125 0.1328125 0.10625
1 0.0421875 0.61875 0.084375 0.115625