1 0.9640625 0.06953125 0.071875 0.1390625
1 0.86328125 0.3734375 0.07734375 0.203125
1 0.7890625 0.32421875 0.1171875 0.1953125
1 0.75390625 0.265625 0.0984375 0.140625
1 0.68203125 0.23125 0.103125 0.14375
1 0.49609375 0.096875 0.03984375 0.09296875
1 0.284375 0.059375 0.0984375 0.1015625
0 0.7609375 0.55 0.09921875 0.325
0 0.31640625 0.35234375 0.0609375 0.271875
0 0.36484375 0.91796875 0.1140625 0.1640625
0 0.24921875 0.8953125 0.1140625 0.209375
0 0.36328125 0.07109375 0.02421875 0.05390625
0 0.475 0.203125 0.0359375 0.10390625
0 0.5203125 0.153125 0.0421875 0.08515625
0 0.57421875 0.2046875 0.0484375 0.0921875
0 0.51953125 0.2296875 0.05078125 0.08203125
0 0.23828125 0.171875 0.04140625 0.14765625
0 0.209375 0.48125 0.06015625 0.13671875
0 0.5203125 0.03515625 0.0359375 0.0703125
0 0.5515625 0.0390625 0.028125 0.078125
0 0.578125 0.0359375 0.025 0.071875
0 0.28046875 0.15078125 0.02578125 0.0453125
0 0.3125 0.14375 0.02578125 0.04140625