1 0.9796875 0.83515625 0.040625 0.1078125
1 0.7171875 0.81640625 0.2125 0.128125
1 0.7453125 0.73046875 0.2140625 0.1609375
1 0.7890625 0.68515625 0.1671875 0.1328125
1 0.80859375 0.6046875 0.1578125 0.1296875
1 0.86796875 0.1796875 0.11875 0.11875
0 0.44296875 0.2125 0.1453125 0.103125
0 0.08203125 0.35859375 0.1640625 0.1609375
0 0.075 0.4796875 0.15 0.146875
0 0.5203125 0.7625 0.3453125 0.18125
0 0.8265625 0.3171875 0.1921875 0.0875
0 0.87578125 0.2578125 0.065625 0.0453125
0 0.7828125 0.19609375 0.053125 0.0421875
0 0.75546875 0.159375 0.1375 0.065625
0 0.79296875 0.23125 0.059375 0.0421875
0 0.784375 0.39453125 0.0984375 0.0625
0 0.83671875 0.43046875 0.0921875 0.0609375
0 0.765625 0.453125 0.096875 0.0625
0 0.8078125 0.49453125 0.115625 0.075
0 0.95859375 0.43203125 0.08125 0.04375
0 0.9546875 0.40859375 0.078125 0.040625
0 0.95078125 0.3875 0.075 0.0421875
1 0.88671875 0.39609375 0.1015625 0.0671875