1 0.44296875 0.1140625 0.2078125 0.1140625
1 0.38515625 0.17578125 0.2171875 0.1609375
1 0.32265625 0.2046875 0.1609375 0.128125
1 0.25390625 0.2703125 0.1609375 0.1171875
0 0.55390625 0.2546875 0.2234375 0.1140625
0 0.24609375 0.428125 0.10625 0.0625
0 0.2328125 0.3703125 0.1125 0.0640625
0 0.196875 0.46875 0.09375 0.053125
0 0.42578125 0.79921875 0.134375 0.08125
0 0.890625 0.71640625 0.16875 0.1359375
0 0.846875 0.8328125 0.2078125 0.1453125
1 0.02734375 0.6265625 0.0546875 0.1
0 0.11953125 0.703125 0.1359375 0.065625
0 0.1171875 0.65234375 0.0546875 0.0390625
0 0.09609375 0.42265625 0.14375 0.0671875
0 0.05234375 0.5578125 0.0515625 0.0390625