0 0.32890625 0.79140625 0.384375 0.121875
0 0.41640625 0.11875 0.18125 0.065625
0 0.4703125 0.078125 0.1 0.034375
0 0.78515625 0.159375 0.1984375 0.046875
0 0.91640625 0.3109375 0.0640625 0.028125
1 0.93671875 0.22578125 0.0875 0.096875
1 0.54765625 0.91640625 0.2453125 0.09375
1 0.61484375 0.8234375 0.23125 0.134375
1 0.6734375 0.78046875 0.1703125 0.1203125
1 0.7265625 0.69453125 0.16875 0.121875
1 0.8859375 0.47421875 0.109375 0.05
0 0.75703125 0.4453125 0.128125 0.04375
0 0.715625 0.5015625 0.13125 0.053125
0 0.7515625 0.56640625 0.134375 0.05625
0 0.8125 0.5015625 0.1 0.046875
0 0.81640625 0.2296875 0.1375 0.034375