2 0.97421875 0.61953125 0.015625 0.0109375
0 0.9296875 0.6328125 0.1296875 0.0328125
0 0.96328125 0.53671875 0.0734375 0.04375
2 0.63359375 0.23125 0.034375 0.021875
0 0.553125 0.1390625 0.1078125 0.05625
0 0.52109375 0.20703125 0.15625 0.0953125
0 0.44140625 0.7578125 0.3296875 0.1078125
0 0.71953125 0.465625 0.1328125 0.0734375
0 0.1265625 0.15703125 0.234375 0.153125
0 0.934375 0.3796875 0.0640625 0.0359375
0 0.896875 0.34453125 0.1359375 0.04375
0 0.77421875 0.59140625 0.084375 0.05625
0 0.8390625 0.2515625 0.15625 0.0359375
1 0.9125 0.96953125 0.14375 0.0609375
1 0.60546875 0.86640625 0.2203125 0.0859375
1 0.665625 0.79375 0.1984375 0.1265625
1 0.72578125 0.75859375 0.14375 0.109375
1 0.7703125 0.68828125 0.128125 0.1109375
1 0.89921875 0.53828125 0.090625 0.090625
1 0.94609375 0.296875 0.1 0.090625