0 0.0359375 0.528125 0.071875 0.4
0 0.1609375 0.1203125 0.05078125 0.09609375
2 0.27265625 0.24296875 0.02265625 0.0421875
0 0.71171875 0.12421875 0.06328125 0.2484375
0 0.3859375 0.16328125 0.059375 0.2515625
0 0.2578125 0.17890625 0.06171875 0.23046875
0 0.365625 0.36484375 0.06875 0.1765625
0 0.44296875 0.29765625 0.07890625 0.1625
0 0.55 0.36796875 0.08359375 0.16953125
0 0.446875 0.43046875 0.0828125 0.15546875
1 0.0515625 0.08046875 0.103125 0.103125
0 0.06875 0.27421875 0.04765625 0.0921875
0 0.88359375 0.859375 0.16875 0.28046875
1 0.91640625 0.6046875 0.1671875 0.32734375
1 0.87578125 0.5 0.184375 0.2796875
1 0.74375 0.41875 0.18671875 0.2546875
1 0.03984375 0.16875 0.07421875 0.1015625
1 0.46484375 0.1546875 0.121875 0.10234375