0 0.11640625 0.66796875 0.2328125 0.6328125
0 0.5953125 0.82421875 0.228125 0.3515625
0 0.67109375 0.23046875 0.0796875 0.259375
0 0.82265625 0.2734375 0.09375 0.1703125
0 0.7953125 0.21484375 0.0578125 0.1375
0 0.721875 0.165625 0.0375 0.125
0 0.63046875 0.61875 0.19375 0.4921875
0 0.32265625 0.14375 0.08125 0.19375
0 0.42265625 0.0578125 0.0671875 0.115625
0 0.4734375 0.040625 0.046875 0.08125
0 0.52109375 0.05 0.0484375 0.0984375
1 0.05703125 0.24765625 0.0984375 0.2234375
1 0.13515625 0.17109375 0.153125 0.1734375
1 0.26640625 0.0984375 0.0625 0.10625