1 0.96796875 0.86328125 0.0640625 0.0984375
1 0.88359375 0.19921875 0.115625 0.1171875
1 0.69453125 0.8328125 0.2265625 0.1203125
1 0.73046875 0.74296875 0.228125 0.1703125
1 0.7875 0.70234375 0.1625 0.134375
1 0.79921875 0.6203125 0.146875 0.13125
1 0.89453125 0.42109375 0.1046875 0.10625
2 0.97109375 0.415625 0.0171875 0.0125
0 0.959375 0.43046875 0.075 0.034375
0 0.95234375 0.40546875 0.0796875 0.05625
0 0.7703125 0.178125 0.1546875 0.0671875
0 0.4859375 0.13984375 0.1203125 0.05625
0 0.45078125 0.2109375 0.1703125 0.11875
0 0.6515625 0.471875 0.0953125 0.0703125
0 0.50078125 0.7890625 0.3203125 0.1734375
0 0.74296875 0.6078125 0.165625 0.090625
0 0.7953125 0.2078125 0.0546875 0.0375
2 0.5625 0.20234375 0.0375 0.0234375