1 0.02265625 0.159375 0.0453125 0.103125
1 0.1375 0.82109375 0.1234375 0.128125
1 0.28515625 0.17890625 0.234375 0.134375
1 0.25546875 0.2703125 0.2265625 0.175
1 0.20546875 0.315625 0.159375 0.134375
1 0.11875 0.553125 0.1484375 0.115625
0 0.19140625 0.42890625 0.2625 0.14375
0 0.8640625 0.75625 0.271875 0.20625
0 0.5640625 0.7828125 0.1875 0.134375
2 0.59375 0.75234375 0.046875 0.0375
0 0.47890625 0.23046875 0.3484375 0.16875
0 0.30625 0.55234375 0.25 0.128125
0 0.23125 0.80078125 0.0625 0.0375