0 0.77265625 0.5515625 0.103125 0.31171875
0 0.20625 0.4953125 0.090625 0.1484375
0 0.1328125 0.40625 0.04609375 0.16484375
0 0.6859375 0.26171875 0.059375 0.16171875
0 0.51484375 0.3484375 0.05546875 0.134375
0 0.48359375 0.3125 0.04921875 0.08515625
0 0.2390625 0.16640625 0.04296875 0.16171875
0 0.2734375 0.14609375 0.02578125 0.053125
0 0.45390625 0.0359375 0.0328125 0.071875
1 0.38046875 0.06640625 0.0453125 0.05703125
1 0.28359375 0.06015625 0.09921875 0.0921875
1 0.96171875 0.06953125 0.0765625 0.1390625
1 0.86484375 0.3765625 0.0828125 0.21171875
1 0.7875 0.32578125 0.125 0.2109375
1 0.7546875 0.26796875 0.10859375 0.16171875
1 0.68203125 0.234375 0.1046875 0.1625
0 0.38046875 0.02734375 0.0234375 0.0546875
2 0.20625 0.3765625 0.01328125 0.03203125
1 0.54765625 0.11953125 0.0828125 0.11171875