1 0.13828125 0.01328125 0.1484375 0.0265625
1 0.42421875 0.121875 0.221875 0.109375
1 0.36640625 0.18984375 0.225 0.146875
1 0.31796875 0.22109375 0.184375 0.13125
1 0.25390625 0.28125 0.1515625 0.1265625
1 0.0984375 0.4203125 0.1078125 0.0984375
0 0.4359375 0.625 0.3125 0.15625
0 0.5984375 0.25234375 0.31875 0.1421875
0 0.76171875 0.74453125 0.4328125 0.2171875
0 0.85234375 0.81796875 0.23125 0.165625
2 0.10546875 0.23828125 0.0234375 0.01875
0 0.13828125 0.22265625 0.1703125 0.06875
0 0.1984375 0.4859375 0.1 0.046875
0 0.16875 0.440625 0.09375 0.046875
0 0.221875 0.384375 0.10625 0.065625
0 0.2328125 0.44296875 0.09375 0.0625
0 0.17421875 0.54921875 0.1703125 0.071875