1 0.284375 0.05859375 0.09765625 0.10546875
1 0.96328125 0.06953125 0.0734375 0.1375
1 0.86328125 0.37578125 0.07734375 0.209375
1 0.78828125 0.328125 0.11953125 0.2125
1 0.75546875 0.26171875 0.09609375 0.14921875
1 0.68125 0.2265625 0.10390625 0.1390625
0 0.3671875 0.9125 0.1125 0.175
0 0.234375 0.8953125 0.14375 0.20859375
0 0.20859375 0.48671875 0.0671875 0.15625
0 0.3625 0.071875 0.02421875 0.059375
0 0.27734375 0.1484375 0.02890625 0.04609375
0 0.3125 0.14921875 0.0265625 0.059375
0 0.4734375 0.2015625 0.04140625 0.1046875
0 0.51875 0.24453125 0.05 0.115625
0 0.57578125 0.2078125 0.04375 0.1203125
0 0.5203125 0.1609375 0.04453125 0.090625
0 0.759375 0.55234375 0.1 0.33125
2 0.65 0.07890625 0.0109375 0.021875
0 0.65234375 0.0625 0.03671875 0.125
0 0.49453125 0.08671875 0.03203125 0.1625
1 0.50234375 0.10078125 0.009375 0.021875
0 0.5171875 0.04140625 0.02734375 0.0765625