1 0.871875 0.98359375 0.14375 0.0328125
1 0.58359375 0.878125 0.20625 0.1
1 0.6390625 0.80703125 0.20625 0.1390625
1 0.7015625 0.778125 0.1484375 0.11875
1 0.75234375 0.7125 0.14375 0.115625
1 0.95390625 0.33984375 0.0921875 0.1078125
1 0.8984375 0.5484375 0.0921875 0.0609375
0 0.94453125 0.6109375 0.09375 0.0390625
0 0.96015625 0.565625 0.0734375 0.034375
0 0.41015625 0.75 0.325 0.1375
0 0.09921875 0.3140625 0.171875 0.134375
0 0.13671875 0.20078125 0.21875 0.1375
0 0.8078125 0.51171875 0.09375 0.0484375
0 0.8359375 0.5609375 0.08125 0.05
0 0.759375 0.5546875 0.0953125 0.0546875
0 0.78515625 0.60859375 0.1078125 0.059375
0 0.55 0.21015625 0.1546875 0.084375
0 0.60703125 0.178125 0.0765625 0.040625
0 0.85390625 0.278125 0.153125 0.059375
0 0.8703125 0.325 0.0609375 0.03125
0 0.871875 0.359375 0.059375 0.03125
0 0.94453125 0.41796875 0.053125 0.034375