0 0.7609375 0.55 0.0984375 0.33203125
0 0.4046875 0.5609375 0.0890625 0.36796875
0 0.246875 0.89609375 0.11171875 0.20703125
0 0.36796875 0.91875 0.11484375 0.16171875
0 0.209375 0.48515625 0.0671875 0.14453125
0 0.23125 0.184375 0.04375 0.13125
0 0.2796875 0.14921875 0.03046875 0.0546875
0 0.47578125 0.2078125 0.03984375 0.1125
0 0.5203125 0.15859375 0.04375 0.075
0 0.57578125 0.20703125 0.04765625 0.09140625
0 0.5203125 0.2359375 0.0453125 0.0921875
0 0.3625 0.0703125 0.03046875 0.0484375
0 0.525 0.0359375 0.034375 0.071875
0 0.5609375 0.034375 0.028125 0.06875
0 0.584375 0.0375 0.01484375 0.075
1 0.9640625 0.0703125 0.07109375 0.13984375
1 0.28515625 0.06015625 0.096875 0.10390625
1 0.86484375 0.3765625 0.08515625 0.2109375
1 0.78828125 0.321875 0.11484375 0.18984375
1 0.75234375 0.26796875 0.1 0.140625
1 0.67734375 0.22578125 0.1046875 0.13203125