0 0.19375 0.48671875 0.08828125 0.18984375
2 0.23203125 0.384375 0.0328125 0.0421875
0 0.340625 0.1109375 0.02890625 0.13671875
0 0.3703125 0.08515625 0.03046875 0.09375
0 0.4765625 0.23359375 0.0375 0.1375
0 0.515625 0.24375 0.0359375 0.10234375
0 0.57421875 0.19296875 0.034375 0.0921875
0 0.46171875 0.090625 0.03984375 0.1328125
0 0.6796875 0.0734375 0.04375 0.146875
2 0.65 0.03671875 0.02421875 0.040625
0 0.525 0.15703125 0.04453125 0.07578125
0 0.76640625 0.5515625 0.09453125 0.309375
0 0.26328125 0.92265625 0.1046875 0.1546875
0 0.18046875 0.846875 0.08359375 0.2640625
1 0.6875 0.228125 0.1 0.1375
1 0.75390625 0.2578125 0.10078125 0.1375
1 0.790625 0.33671875 0.11875 0.15703125
1 0.87578125 0.3625 0.08125 0.18828125