0 0.78984375 0.52578125 0.14375 0.325
0 0.1390625 0.48046875 0.05 0.1296875
0 0.20859375 0.5203125 0.1015625 0.1609375
0 0.64375 0.2375 0.096875 0.1546875
0 0.396875 0.07109375 0.05 0.128125
0 0.31328125 0.06640625 0.03125 0.0671875
0 0.2390625 0.18125 0.0375 0.065625
0 0.26953125 0.1640625 0.0328125 0.053125
0 0.43359375 0.3 0.075 0.090625
2 0.21484375 0.41015625 0.0296875 0.04375
0 0.5 0.04375 0.04375 0.0875
0 0.46640625 0.03828125 0.0390625 0.0765625
1 0.4921875 0.09375 0.11875 0.0953125
1 0.24921875 0.11953125 0.0625 0.0671875
1 0.240625 0.0875 0.103125 0.1015625
1 0.91640625 0.04765625 0.0859375 0.0953125
1 0.846875 0.3359375 0.1015625 0.2125
1 0.76875 0.29453125 0.1375 0.2015625
1 0.72734375 0.23984375 0.1140625 0.1421875