0 0.8828125 0.7234375 0.221875 0.4359375
0 0.42265625 0.86015625 0.2390625 0.2796875
1 0.403125 0.1625 0.153125 0.1546875
1 0.9578125 0.49453125 0.084375 0.2796875
1 0.86953125 0.4234375 0.23125 0.3203125
1 0.8015625 0.34296875 0.190625 0.234375
1 0.68125 0.30625 0.1859375 0.225
0 0.0390625 0.35859375 0.078125 0.2453125
0 0.15859375 0.1640625 0.0546875 0.08125
0 0.36171875 0.3265625 0.0859375 0.153125
0 0.4203125 0.25546875 0.084375 0.128125
0 0.51640625 0.30703125 0.096875 0.15
0 0.44140625 0.36796875 0.09375 0.1453125
0 0.05703125 0.3046875 0.05625 0.0875
0 0.10546875 0.30234375 0.0546875 0.078125
0 0.3921875 0.06484375 0.0671875 0.1125
0 0.45703125 0.05703125 0.0640625 0.1140625