1 0.9625 0.06953125 0.071875 0.1390625
1 0.8640625 0.37265625 0.08046875 0.21328125
1 0.78828125 0.32421875 0.11875 0.2109375
1 0.75078125 0.28125 0.109375 0.1703125
1 0.68203125 0.22578125 0.1078125 0.1375
1 0.52265625 0.09140625 0.0859375 0.09609375
0 0.3671875 0.45390625 0.11640625 0.3
0 0.759375 0.56328125 0.09921875 0.3078125
0 0.29453125 0.79296875 0.1609375 0.4140625
0 0.234375 0.89296875 0.1375 0.2140625
2 0.70390625 0.07265625 0.01484375 0.021875
0 0.72421875 0.103125 0.04765625 0.165625
0 0.471875 0.19921875 0.034375 0.09609375
0 0.5125 0.1640625 0.03359375 0.090625
0 0.57578125 0.20859375 0.0515625 0.09921875
0 0.51953125 0.22734375 0.0515625 0.0875
0 0.40625 0.184375 0.05 0.16484375