0 0.1578125 0.62890625 0.203125 0.078125
0 0.52109375 0.85625 0.16875 0.0859375
0 0.46875 0.8890625 0.0984375 0.0359375
0 0.2265625 0.52421875 0.121875 0.0515625
0 0.2453125 0.40859375 0.121875 0.059375
0 0.184375 0.465625 0.096875 0.0546875
0 0.26875 0.47109375 0.109375 0.0578125
0 0.63125 0.23046875 0.3296875 0.128125
0 0.15 0.73984375 0.05 0.0359375
0 0.146875 0.69765625 0.05625 0.0390625
0 0.16171875 0.79140625 0.165625 0.0515625
1 0.0375 0.71640625 0.075 0.1046875
1 0.4578125 0.0953125 0.234375 0.1078125
1 0.39453125 0.17734375 0.2265625 0.1484375
1 0.31953125 0.209375 0.153125 0.121875
1 0.26875 0.2890625 0.1546875 0.128125
1 0.10859375 0.48671875 0.103125 0.05625
0 0.05234375 0.41484375 0.0953125 0.0375
0 0.05 0.44296875 0.096875 0.0390625
0 0.03828125 0.46953125 0.0765625 0.0296875
0 0.92265625 0.85234375 0.10625 0.1109375