0 0.75859375 0.5453125 0.1078125 0.328125
2 0.65 0.075 0.0125 0.028125
0 0.65 0.06328125 0.040625 0.1265625
0 0.29140625 0.86953125 0.1453125 0.2609375
0 0.2265625 0.89453125 0.103125 0.2109375
2 0.225 0.4953125 0.025 0.0265625
0 0.32109375 0.403125 0.0875 0.2828125
0 0.2078125 0.49921875 0.0890625 0.1515625
0 0.3578125 0.1546875 0.04375 0.1390625
0 0.46328125 0.203125 0.04375 0.1046875
0 0.50546875 0.15625 0.0453125 0.0828125
0 0.51171875 0.23359375 0.0453125 0.096875
0 0.565625 0.20078125 0.05 0.1
0 0.34765625 0.06796875 0.0296875 0.0421875
0 0.221875 0.17890625 0.046875 0.1421875
1 0.2703125 0.06953125 0.103125 0.103125
1 0.94765625 0.0625 0.0765625 0.125
1 0.85859375 0.36484375 0.0859375 0.21875
1 0.78203125 0.3140625 0.125 0.2015625
1 0.7453125 0.25859375 0.103125 0.146875
1 0.66875 0.2265625 0.1140625 0.15625
1 0.509375 0.0921875 0.090625 0.10625