0 0.47890625 0.95390625 0.4046875 0.0921875
0 0.08671875 0.79765625 0.1015625 0.059375
2 0.2203125 0.69921875 0.04375 0.0265625
0 0.1484375 0.25 0.253125 0.0875
0 0.153125 0.578125 0.25625 0.0859375
0 0.15546875 0.70703125 0.2359375 0.0859375
0 0.3515625 0.61953125 0.1828125 0.0875
0 0.29296875 0.5359375 0.1703125 0.0953125
0 0.37421875 0.43671875 0.1765625 0.1015625
0 0.425 0.5453125 0.1640625 0.0984375
1 0.04609375 0.90234375 0.0921875 0.1140625
0 0.23046875 0.90546875 0.096875 0.0578125
0 0.87421875 0.15625 0.2515625 0.196875
1 0.646875 0.0984375 0.34375 0.196875
1 0.5390625 0.1265625 0.296875 0.2125
1 0.44453125 0.24921875 0.2734375 0.2125
1 0.12265625 0.92265625 0.109375 0.0859375
1 0.153125 0.49921875 0.115625 0.13125