1 0.86796875 0.3703125 0.07890625 0.19765625
1 0.79609375 0.32578125 0.12421875 0.19609375
1 0.75625 0.26953125 0.103125 0.14375
1 0.67890625 0.21484375 0.09140625 0.14765625
1 0.965625 0.0734375 0.06875 0.14453125
0 0.75078125 0.50625 0.07421875 0.21328125
0 0.521875 0.23671875 0.04453125 0.10078125
0 0.5765625 0.21328125 0.0453125 0.10546875
0 0.47265625 0.196875 0.03828125 0.0875
0 0.1921875 0.484375 0.0578125 0.12421875
0 0.3625 0.925 0.109375 0.15
0 0.23984375 0.90390625 0.1109375 0.19140625
1 0.2828125 0.04609375 0.0890625 0.06953125
0 0.228125 0.165625 0.03984375 0.13203125
0 0.27734375 0.153125 0.0296875 0.05078125
0 0.49921875 0.0890625 0.0421875 0.13828125
0 0.3578125 0.071875 0.03125 0.04765625