1 0.98359375 0.1265625 0.0328125 0.14375
1 0.878125 0.41640625 0.1 0.20625
1 0.80703125 0.3609375 0.1390625 0.20625
1 0.778125 0.2984375 0.11875 0.1484375
1 0.7125 0.24765625 0.115625 0.14375
1 0.33984375 0.0453125 0.1078125 0.090625
1 0.5484375 0.1015625 0.0609375 0.0921875
0 0.6109375 0.05546875 0.0390625 0.09375
0 0.565625 0.03984375 0.034375 0.0734375
0 0.75 0.58984375 0.1375 0.325
0 0.3140625 0.90078125 0.134375 0.171875
0 0.20078125 0.86328125 0.1375 0.21875
0 0.51171875 0.1921875 0.0484375 0.09375
0 0.5609375 0.1640625 0.05 0.08125
0 0.5546875 0.240625 0.0546875 0.0953125
0 0.60859375 0.21484375 0.059375 0.1078125
0 0.21015625 0.45 0.084375 0.1546875
0 0.178125 0.39296875 0.040625 0.0765625
0 0.278125 0.14609375 0.059375 0.153125
0 0.325 0.1296875 0.03125 0.0609375
0 0.359375 0.128125 0.03125 0.059375
0 0.41796875 0.05546875 0.034375 0.053125