0 0.8328125 0.7953125 0.13671875 0.371875
1 0.9734375 0.62109375 0.053125 0.265625
1 0.8890625 0.509375 0.18515625 0.2953125
1 0.83515625 0.415625 0.15546875 0.203125
1 0.7171875 0.3609375 0.1609375 0.2125
1 0.0890625 0.09140625 0.146875 0.146875
1 0.103125 0.146875 0.0765625 0.08515625
0 0.21171875 0.11015625 0.04375 0.0859375
0 0.3890625 0.31796875 0.06015625 0.16640625
0 0.4625 0.26171875 0.0640625 0.15
0 0.54921875 0.328125 0.071875 0.1640625
0 0.45859375 0.3734375 0.071875 0.1515625
0 0.0828125 0.234375 0.04296875 0.0734375
0 0.1296875 0.23671875 0.04453125 0.07109375
1 0.4625 0.153125 0.1375 0.146875
0 0.4703125 0.0609375 0.0546875 0.11953125
0 0.6 0.0859375 0.04921875 0.17109375
2 0.54453125 0.09375 0.01328125 0.02890625
0 0.54921875 0.06015625 0.05 0.11953125