0 0.7609375 0.5328125 0.096875 0.3203125
0 0.29140625 0.66796875 0.109375 0.3765625
0 0.20546875 0.475 0.0828125 0.1734375
0 0.20859375 0.37890625 0.053125 0.21875
0 0.46328125 0.25078125 0.065625 0.1890625
0 0.63515625 0.2015625 0.0859375 0.240625
0 0.51015625 0.30390625 0.0578125 0.1703125
0 0.58828125 0.22421875 0.0421875 0.115625
0 0.325 0.15078125 0.034375 0.08125
0 0.28671875 0.15 0.03125 0.065625
1 0.965625 0.0765625 0.06875 0.140625
1 0.87109375 0.36953125 0.0703125 0.2140625
1 0.55390625 0.1109375 0.0859375 0.1203125
1 0.79296875 0.3359375 0.121875 0.1859375
1 0.7578125 0.26015625 0.1 0.140625
2 0.234375 0.49921875 0.0390625 0.046875
1 0.29453125 0.04140625 0.0890625 0.0765625