2 0.603125 0.021875 0.0109375 0.01640625
0 0.61796875 0.065625 0.028125 0.128125
0 0.5203125 0.0359375 0.040625 0.071875
2 0.2265625 0.37578125 0.0203125 0.03359375
0 0.1375 0.459375 0.05234375 0.10546875
0 0.20625 0.4890625 0.090625 0.15390625
0 0.759375 0.54921875 0.09609375 0.3265625
0 0.4578125 0.28203125 0.06875 0.13125
0 0.1703125 0.88515625 0.1453125 0.2296875
0 0.36484375 0.0703125 0.03515625 0.06328125
0 0.33046875 0.10859375 0.0390625 0.13515625
0 0.58203125 0.22265625 0.053125 0.0828125
0 0.23984375 0.16953125 0.03203125 0.1546875
1 0.96328125 0.07109375 0.0734375 0.14140625
1 0.8625 0.38203125 0.078125 0.2171875
1 0.7875 0.32421875 0.11953125 0.19453125
1 0.75078125 0.265625 0.1046875 0.14140625
1 0.67890625 0.2234375 0.10546875 0.125
1 0.52421875 0.1 0.0875 0.0875
1 0.28125 0.0609375 0.08671875 0.09609375