2 0.23984375 0.52265625 0.0203125 0.0296875
0 0.209375 0.50078125 0.09375 0.16328125
0 0.1421875 0.40703125 0.04609375 0.1625
0 0.76953125 0.5546875 0.1 0.325
0 0.66796875 0.2765625 0.05078125 0.18046875
0 0.525 0.30234375 0.04921875 0.265625
0 0.275 0.1546875 0.0265625 0.04453125
0 0.315625 0.1453125 0.02578125 0.05
0 0.58046875 0.23984375 0.03671875 0.0765625
1 0.28515625 0.0609375 0.09765625 0.103125
1 0.9640625 0.07109375 0.071875 0.14140625
1 0.86484375 0.37265625 0.07890625 0.2046875
1 0.78671875 0.32421875 0.11875 0.19140625
1 0.75703125 0.265625 0.10703125 0.134375
1 0.678125 0.225 0.09921875 0.1375
1 0.546875 0.1203125 0.08203125 0.125