0 0.12109375 0.234375 0.1359375 0.071875
0 0.61484375 0.26171875 0.3359375 0.18125
2 0.11953125 0.53984375 0.0296875 0.0171875
0 0.10390625 0.4921875 0.1234375 0.065625
0 0.1140625 0.54609375 0.1640625 0.0828125
0 0.2109375 0.4484375 0.125 0.071875
0 0.18125 0.3953125 0.103125 0.0671875
0 0.2515625 0.41328125 0.10625 0.0734375
0 0.23359375 0.3515625 0.109375 0.071875
0 0.328125 0.6453125 0.275 0.1359375
0 0.80546875 0.86796875 0.2390625 0.159375
0 0.83828125 0.8 0.228125 0.2140625
0 0.4125 0.77734375 0.203125 0.1296875
0 0.11484375 0.6734375 0.140625 0.0765625
0 0.04453125 0.51953125 0.0515625 0.040625
1 0.0390625 0.5953125 0.078125 0.121875
1 0.4703125 0.115625 0.2171875 0.1296875
1 0.4015625 0.175 0.21875 0.165625
1 0.34140625 0.196875 0.16875 0.140625
1 0.28359375 0.25625 0.1609375 0.140625
1 0.1125 0.37109375 0.121875 0.1109375