0 0.77734375 0.50859375 0.15 0.325
0 0.209375 0.54140625 0.1125 0.1609375
0 0.12265625 0.46484375 0.071875 0.1703125
0 0.64609375 0.2359375 0.084375 0.1703125
0 0.490625 0.34765625 0.0765625 0.1421875
0 0.4546875 0.3171875 0.0625 0.090625
0 0.18984375 0.21171875 0.06875 0.1671875
0 0.22109375 0.1859375 0.0328125 0.05625
0 0.38203125 0.04921875 0.04375 0.0765625
1 0.3140625 0.090625 0.053125 0.0625
1 0.2171875 0.09921875 0.1125 0.10625
1 0.8890625 0.03828125 0.096875 0.0765625
1 0.84140625 0.32109375 0.115625 0.2234375
1 0.75703125 0.2828125 0.15625 0.228125
1 0.715625 0.23125 0.1328125 0.178125
1 0.63828125 0.209375 0.128125 0.1765625
0 0.3078125 0.0515625 0.03125 0.0578125
2 0.190625 0.42421875 0.0171875 0.0328125
1 0.4875 0.11640625 0.1 0.1234375