0 0.7015625 0.1109375 0.059375 0.221875
0 0.309375 0.17265625 0.0546875 0.16875
0 0.2140625 0.2359375 0.0875 0.2796875
0 0.08828125 0.5859375 0.10625 0.4390625
0 0.0359375 0.2671875 0.05 0.0875
0 0.09765625 0.25859375 0.04375 0.08125
0 0.38046875 0.34609375 0.059375 0.1765625
0 0.45546875 0.2890625 0.078125 0.1640625
0 0.5546875 0.35234375 0.0765625 0.159375
0 0.45390625 0.403125 0.075 0.1375
1 0.07265625 0.159375 0.075 0.0921875
1 0.065625 0.0875 0.13125 0.128125
1 0.91171875 0.559375 0.1765625 0.340625
1 0.8671875 0.45703125 0.16875 0.2234375
1 0.7359375 0.390625 0.175 0.2203125
1 0.4609375 0.1578125 0.140625 0.178125
0 0.88046875 0.8375 0.1765625 0.325