0 0.52890625 0.2671875 0.3453125 0.0953125
0 0.91328125 0.675 0.165625 0.04375
0 0.340625 0.7890625 0.3921875 0.1203125
0 0.42265625 0.128125 0.2046875 0.1125
0 0.7578125 0.4546875 0.1359375 0.0484375
0 0.80546875 0.50703125 0.1078125 0.0546875
0 0.753125 0.57578125 0.1234375 0.0578125
0 0.82734375 0.34453125 0.190625 0.0453125
0 0.8203125 0.2171875 0.059375 0.0390625
0 0.834375 0.29296875 0.1453125 0.065625
1 0.54921875 0.915625 0.2421875 0.09375
1 0.60703125 0.825 0.2265625 0.1390625
1 0.67265625 0.7859375 0.178125 0.128125
1 0.7203125 0.69765625 0.175 0.1234375
1 0.8921875 0.50859375 0.121875 0.1
1 0.934375 0.22890625 0.1171875 0.1171875