0 0.77265625 0.1671875 0.4359375 0.159375
0 0.73359375 0.72109375 0.5078125 0.1546875
0 0.05390625 0.534375 0.1078125 0.05
0 0.0578125 0.48125 0.115625 0.0375
0 0.0640625 0.44921875 0.128125 0.0328125
0 0.11328125 0.76875 0.0734375 0.04375
0 0.3046875 0.59921875 0.1703125 0.0609375
0 0.3453125 0.53203125 0.14375 0.075
0 0.30234375 0.453125 0.14375 0.075
0 0.22734375 0.534375 0.115625 0.0640625
0 0.2734375 0.9484375 0.2265625 0.0625
0 0.228125 0.88828125 0.0765625 0.04375
0 0.22265625 0.840625 0.0734375 0.046875
0 0.715625 0.9625 0.1984375 0.0671875
1 0.15078125 0.87109375 0.090625 0.084375
1 0.0828125 0.88046875 0.1046875 0.1375
1 0.5421875 0.04140625 0.29375 0.0828125
1 0.4578125 0.134375 0.28125 0.178125
1 0.37890625 0.1890625 0.2046875 0.1546875
1 0.31875 0.296875 0.1890625 0.1546875
1 0.13671875 0.5703125 0.1453125 0.0625
1 0.1953125 0.4328125 0.1265625 0.1203125