0 0.51328125 0.334375 0.65625 0.2546875
0 0.21171875 0.68125 0.3921875 0.2765625
0 0.81875 0.7453125 0.1703125 0.125
0 0.83984375 0.609375 0.3203125 0.146875
0 0.87265625 0.71015625 0.1421875 0.0828125
0 0.81015625 0.2203125 0.171875 0.0921875
0 0.903125 0.29921875 0.1328125 0.0828125
0 0.925 0.35234375 0.1125 0.065625
0 0.92734375 0.4 0.1296875 0.078125
0 0.49375 0.66640625 0.4046875 0.240625
2 0.4265625 0.60859375 0.0640625 0.0640625
1 0.6078125 0.03828125 0.209375 0.0765625
1 0.7171875 0.07109375 0.1875 0.1421875
1 0.82421875 0.1640625 0.1109375 0.0796875