0 0.5015625 0.76796875 0.328125 0.1671875
0 0.08359375 0.33671875 0.1671875 0.1515625
0 0.07265625 0.45703125 0.1453125 0.1421875
0 0.45234375 0.21328125 0.1671875 0.103125
0 0.77265625 0.16953125 0.140625 0.065625
0 0.78359375 0.4140625 0.1171875 0.059375
0 0.840625 0.44921875 0.090625 0.0578125
0 0.76484375 0.46796875 0.1 0.059375
0 0.80703125 0.5125 0.1109375 0.0671875
0 0.88671875 0.396875 0.1484375 0.078125
0 0.95703125 0.41875 0.0765625 0.0453125
0 0.95859375 0.4390625 0.0796875 0.034375
0 0.96015625 0.45625 0.0796875 0.040625
0 0.890625 0.2765625 0.0578125 0.0421875
0 0.796875 0.2125 0.059375 0.0375
0 0.80390625 0.24765625 0.0578125 0.0390625
1 0.8859375 0.19609375 0.1171875 0.115625
1 0.971875 0.8625 0.05625 0.1
1 0.70234375 0.828125 0.2125 0.1171875
1 0.73203125 0.74296875 0.2140625 0.15625
1 0.78203125 0.69921875 0.1578125 0.1296875
1 0.80859375 0.621875 0.1578125 0.1234375