0 0.8078125 0.790625 0.165625 0.41875
0 0.259375 0.71328125 0.1640625 0.509375
0 0.5046875 0.053125 0.053125 0.10625
0 0.5578125 0.06015625 0.0390625 0.1171875
0 0.5875 0.06875 0.034375 0.13125
0 0.265625 0.09140625 0.04375 0.0734375
0 0.41796875 0.296875 0.0640625 0.171875
0 0.48125 0.34296875 0.078125 0.14375
0 0.5640625 0.30703125 0.078125 0.14375
0 0.4890625 0.22578125 0.065625 0.1171875
0 0.07265625 0.23515625 0.065625 0.228125
0 0.13671875 0.1953125 0.04375 0.0765625
0 0.18515625 0.19375 0.046875 0.0734375
0 0.02734375 0.6734375 0.0546875 0.2
1 0.1609375 0.1203125 0.0859375 0.0921875
1 0.15703125 0.0515625 0.1390625 0.103125
1 0.95390625 0.5828125 0.0921875 0.29375
1 0.86796875 0.48984375 0.1828125 0.2828125
1 0.8203125 0.40625 0.159375 0.2078125
1 0.71796875 0.33671875 0.1578125 0.1921875
1 0.46171875 0.13203125 0.065625 0.146875
1 0.59375 0.20234375 0.121875 0.128125