2 0.56640625 0.54921875 0.05234375 0.05078125
0 0.29921875 0.134375 0.05625 0.15703125
0 0.3609375 0.275 0.11015625 0.36484375
0 0.66796875 0.83984375 0.1765625 0.3203125
0 0.67734375 0.53203125 0.14609375 0.35546875
0 0.665625 0.1890625 0.0828125 0.35859375
0 0.81484375 0.24453125 0.0796875 0.14296875
0 0.79921875 0.17578125 0.0625 0.1140625
0 0.4 0.06015625 0.06015625 0.11953125
0 0.4515625 0.04765625 0.04375 0.0953125
0 0.49609375 0.053125 0.0453125 0.10546875
1 0.0484375 0.28203125 0.09609375 0.2078125
1 0.115625 0.19140625 0.14296875 0.165625
1 0.2453125 0.10859375 0.0625 0.0984375