0 0.51640625 0.19609375 0.3453125 0.140625
0 0.33125 0.83984375 0.4078125 0.196875
0 0.28671875 0.09609375 0.2046875 0.1109375
0 0.69609375 0.07109375 0.2109375 0.0890625
0 0.85546875 0.2125 0.0859375 0.0484375
0 0.7359375 0.11875 0.0734375 0.0421875
0 0.74921875 0.16171875 0.0671875 0.046875
0 0.7078125 0.38984375 0.15625 0.078125
0 0.67734375 0.4546875 0.14375 0.0859375
0 0.73359375 0.5171875 0.140625 0.0875
0 0.78984375 0.4375 0.1078125 0.06875
0 0.94765625 0.4109375 0.0921875 0.053125
0 0.94609375 0.44921875 0.10625 0.046875
0 0.94765625 0.4796875 0.1046875 0.05
1 0.57578125 0.93203125 0.2953125 0.1359375
1 0.6265625 0.825 0.28125 0.1953125
1 0.6953125 0.7703125 0.20625 0.159375
1 0.73828125 0.6625 0.1921875 0.1625
1 0.86171875 0.39140625 0.134375 0.0734375
1 0.86875 0.10859375 0.1171875 0.134375