0 0.81328125 0.1875 0.3734375 0.1625
1 0.65390625 0.0359375 0.26875 0.071875
1 0.53671875 0.1125 0.3078125 0.2046875
1 0.4390625 0.16015625 0.2140625 0.1703125
1 0.3765625 0.2734375 0.2234375 0.175
1 0.07109375 0.88125 0.1421875 0.15625
1 0.1203125 0.87109375 0.0890625 0.0828125
0 0.090625 0.76015625 0.0890625 0.05
0 0.3109375 0.59765625 0.16875 0.0703125
0 0.259375 0.52109375 0.1546875 0.075
0 0.33203125 0.4390625 0.16875 0.0828125
0 0.37109375 0.5328125 0.15625 0.0828125
0 0.20625 0.89765625 0.0765625 0.0484375
0 0.21171875 0.85078125 0.075 0.0484375
1 0.1515625 0.51328125 0.15625 0.146875
0 0.06015625 0.4984375 0.1203125 0.0625
0 0.09375 0.37109375 0.175 0.0625
2 0.09765625 0.42734375 0.0296875 0.0140625
0 0.06484375 0.4203125 0.121875 0.0578125