2 0.63125 0.51484375 0.090625 0.0640625
0 0.81015625 0.25546875 0.209375 0.1015625
0 0.91875 0.33125 0.1265625 0.0765625
0 0.940625 0.3859375 0.0984375 0.05625
0 0.93984375 0.42890625 0.115625 0.0609375
0 0.70078125 0.38515625 0.3734375 0.15625
0 0.12890625 0.840625 0.18125 0.1671875
0 0.4625 0.69140625 0.4140625 0.215625
0 0.82109375 0.615625 0.3578125 0.140625
0 0.79609375 0.76796875 0.1578125 0.1109375
0 0.8671875 0.74453125 0.115625 0.06875
1 0.65078125 0.03828125 0.2234375 0.0765625
1 0.74140625 0.07890625 0.1953125 0.1578125
1 0.84375 0.18671875 0.0984375 0.0703125