2 0.6296875 0.5265625 0.0875 0.0578125
0 0.83046875 0.28359375 0.2046875 0.0859375
0 0.93203125 0.36796875 0.121875 0.0671875
0 0.94921875 0.425 0.096875 0.0484375
0 0.94375 0.4671875 0.1125 0.0515625
0 0.71015625 0.403125 0.36875 0.125
0 0.10078125 0.80703125 0.1703125 0.1546875
0 0.44609375 0.68671875 0.403125 0.1828125
0 0.81328125 0.64375 0.3578125 0.1109375
0 0.771875 0.79296875 0.1515625 0.0984375
0 0.84453125 0.77578125 0.1125 0.059375
1 0.6921875 0.04140625 0.21875 0.0828125
1 0.77734375 0.096875 0.184375 0.15625
1 0.86953125 0.21796875 0.09375 0.0625