0 0.65859375 0.06484375 0.0390625 0.1296875
0 0.76015625 0.54921875 0.1015625 0.3203125
2 0.36328125 0.14296875 0.0109375 0.028125
0 0.40546875 0.115625 0.03515625 0.11796875
0 0.35546875 0.1390625 0.04296875 0.1578125
0 0.475 0.2078125 0.0421875 0.11875
0 0.51875 0.16484375 0.04296875 0.0953125
0 0.51953125 0.2375 0.05 0.09609375
0 0.57421875 0.20390625 0.04765625 0.10078125
0 0.31484375 0.371875 0.0703125 0.26640625
0 0.2234375 0.890625 0.10625 0.21875
0 0.29765625 0.9046875 0.1703125 0.190625
0 0.209375 0.4875 0.084375 0.18828125
0 0.2328125 0.17265625 0.04296875 0.13515625
0 0.36328125 0.06484375 0.0296875 0.0453125
1 0.2828125 0.06015625 0.10078125 0.0984375
1 0.86328125 0.371875 0.0796875 0.20390625
1 0.78828125 0.32109375 0.11875 0.1953125
1 0.7515625 0.26875 0.10546875 0.14765625
1 0.6796875 0.228125 0.11015625 0.13828125
1 0.52421875 0.0921875 0.0875 0.10390625
1 0.9625 0.0703125 0.075 0.140625