0 0.11171875 0.24765625 0.134375 0.0671875
0 0.60625 0.2578125 0.334375 0.1703125
2 0.12109375 0.553125 0.0296875 0.0171875
0 0.10390625 0.50546875 0.1234375 0.0625
0 0.115625 0.559375 0.1640625 0.078125
0 0.209375 0.45859375 0.125 0.0671875
0 0.17734375 0.40625 0.103125 0.0640625
0 0.2484375 0.421875 0.10625 0.0703125
0 0.228125 0.3609375 0.1078125 0.06875
0 0.33359375 0.6515625 0.275 0.128125
0 0.81875 0.85703125 0.2375 0.153125
0 0.8484375 0.78828125 0.2234375 0.209375
0 0.42265625 0.78046875 0.2015625 0.125
0 0.12109375 0.68671875 0.140625 0.0734375
0 0.0453125 0.53515625 0.0515625 0.0390625
1 0.040625 0.61171875 0.08125 0.1203125
1 0.45703125 0.1171875 0.215625 0.1234375
1 0.390625 0.17890625 0.2171875 0.159375
1 0.33125 0.203125 0.1671875 0.1359375
1 0.27578125 0.2640625 0.1578125 0.1375
1 0.1078125 0.384375 0.1203125 0.1078125